1 2 5.25 0.55881 
1 3 7.25 0.35193 
1 4 5.75 0.24884 
1 5 6.25 0.32098 
1 6 9.75 0.37644 
1 7 10.75 0.31896 
1 8 10.75 0.29329 
1 9 12.75 0.32209 
1 10 14.75 0.35128 
1 11 15.75 0.26078 
1 12 16.75 0.24332 
1 13 18.75 0.30501 
1 32 14.75 0.06201 
1 33 13.25 0.06643 
1 35 15.25 0.08041 
1 36 10.75 0.09839 
1 37 13.75 0.12168 
1 38 16.75 0.11867 
1 39 12.75 0.10318 
1 40 10.75 0.12564 
1 41 15.25 0.12375 
1 42 16.75 0.10756 
1 43 12.75 0.09388 
1 44 14.75 0.11645 
2 1 5.25 0.55881 
2 3 5.25 0.76341 
2 4 7.25 0.73891 
2 5 5.75 0.45287 
2 6 6.25 0.55323 
2 7 9.75 0.62182 
2 8 10.75 0.51236 
2 9 10.75 0.41703 
2 10 12.75 0.48712 
2 11 14.75 0.44751 
2 12 15.75 0.39305 
2 13 16.25 0.31591 
2 14 18.75 0.41101 
2 22 16.75 0.10106 
2 25 14.75 0.09952 
2 26 14.75 0.09547 
2 30 13.75 0.05993 
2 32 10.75 0.07367 
2 33 10.25 0.08222 
2 34 13.25 0.08548 
2 35 12.75 0.08472 
2 36 6.25 0.09308 
2 37 10.25 0.13430 
2 38 13.75 0.12362 
2 39 9.75 0.11501 
2 40 8.75 0.13006 
2 41 13.75 0.14368 
2 42 14.75 0.11694 
2 43 10.25 0.08671 
2 44 13.75 0.12429 
2 45 17.75 0.12485 
2 46 17.25 0.09308 
2 47 14.75 0.09490 
2 49 17.75 0.07765 
2 50 17.75 0.12116 
3 1 7.25 0.35193 
3 2 5.25 0.76341 
3 4 5.25 0.89139 
3 5 7.25 0.91856 
3 6 5.75 0.62620 
3 7 6.25 0.70333 
3 8 9.75 0.82204 
3 9 10.75 0.71924 
3 10 10.25 0.43056 
3 11 12.75 0.47004 
3 12 15.25 0.54290 
3 13 15.75 0.48908 
3 14 16.25 0.38420 
3 15 18.75 0.40299 
3 20 17.75 0.11192 
3 22 14.75 0.12275 
3 25 13.25 0.12076 
3 26 14.25 0.12041 
3 30 15.25 0.08882 
3 31 15.25 0.08901 
3 32 11.75 0.07907 
3 33 10.25 0.10456 
3 34 13.25 0.11389 
3 35 10.75 0.10936 
3 36 5.75 0.12310 
3 37 9.25 0.12891 
3 38 10.75 0.16694 
3 39 7.75 0.12600 
3 40 5.25 0.20922 
3 41 9.75 0.19429 
3 42 10.25 0.14896 
3 43 6.25 0.13380 
3 44 9.25 0.14990 
3 45 12.75 0.13905 
3 46 12.25 0.10431 
3 47 11.25 0.10541 
3 48 15.75 0.10392 
3 49 12.75 0.09629 
3 50 13.75 0.10988 
3 52 16.25 0.11807 
3 63 15.75 0.11364 
4 1 5.75 0.24884 
4 2 7.25 0.73891 
4 3 5.25 0.89139 
4 5 5.25 0.93616 
4 6 7.25 0.93767 
4 7 5.75 0.68723 
4 8 6.25 0.68517 
4 9 9.75 0.85138 
4 10 10.75 0.74226 
4 11 10.75 0.50009 
4 12 12.75 0.53705 
4 13 15.25 0.60145 
4 14 15.75 0.49927 
4 15 16.75 0.29136 
4 20 18.75 0.13424 
4 22 18.25 0.12585 
4 25 15.25 0.13338 
4 26 16.75 0.11736 
4 33 13.75 0.10127 
4 34 17.25 0.14181 
4 35 16.75 0.12975 
4 36 11.25 0.13041 
4 37 12.75 0.15810 
4 38 15.25 0.16835 
4 39 12.25 0.12271 
4 40 8.75 0.16539 
4 41 13.25 0.15435 
4 42 14.75 0.14062 
4 43 9.75 0.14542 
4 44 10.25 0.14486 
4 45 15.25 0.13216 
4 46 14.25 0.11067 
4 47 10.25 0.08089 
4 48 16.25 0.09726 
4 49 12.75 0.09696 
4 50 14.75 0.14175 
4 63 16.75 0.11388 
4 65 16.25 0.10508 
5 1 6.25 0.32098 
5 2 5.75 0.45287 
5 3 7.25 0.91856 
5 4 5.25 0.93616 
5 6 5.25 0.95513 
5 7 7.25 0.94722 
5 8 5.75 0.70003 
5 9 6.25 0.67196 
5 10 9.75 0.86326 
5 11 10.75 0.74744 
5 12 10.75 0.56835 
5 13 12.75 0.52471 
5 14 15.25 0.56203 
5 15 15.75 0.41232 
5 16 16.75 0.20710 
5 20 16.75 0.12034 
5 22 16.25 0.12191 
5 24 17.75 0.10361 
5 25 13.25 0.11853 
5 26 14.25 0.09606 
5 27 14.25 0.07426 
5 28 13.75 0.06089 
5 30 13.75 0.06520 
5 32 14.25 0.09483 
5 33 10.25 0.11879 
5 34 14.25 0.13725 
5 35 15.25 0.15559 
5 36 9.75 0.14588 
5 37 10.25 0.18722 
5 38 14.75 0.18401 
5 39 13.25 0.18169 
5 40 9.25 0.18541 
5 41 13.75 0.20645 
5 42 16.25 0.18481 
5 43 12.75 0.17298 
5 44 12.25 0.19525 
5 45 17.25 0.16950 
5 46 17.75 0.15389 
5 47 15.25 0.11988 
5 49 14.25 0.09354 
5 50 15.75 0.13447 
5 63 16.25 0.10889 
5 65 18.25 0.12414 
6 1 9.75 0.37644 
6 2 6.25 0.55323 
6 3 5.75 0.62620 
6 4 7.25 0.93767 
6 5 5.25 0.95513 
6 7 5.25 0.96045 
6 8 7.25 0.95835 
6 9 5.75 0.71498 
6 10 6.25 0.71256 
6 11 9.75 0.86423 
6 12 10.75 0.72434 
6 13 10.75 0.54465 
6 14 12.75 0.40191 
6 15 15.25 0.52203 
6 16 15.75 0.26831 
6 17 16.75 0.17705 
6 19 16.75 0.11682 
6 20 13.25 0.10906 
6 21 15.25 0.13993 
6 22 11.25 0.14512 
6 23 14.25 0.14440 
6 24 13.25 0.13728 
6 25 8.75 0.11303 
6 26 9.75 0.12458 
6 27 12.75 0.11968 
6 28 12.25 0.07356 
6 29 7.75 0.05413 
6 30 11.25 0.08471 
6 31 13.75 0.11388 
6 32 11.25 0.11597 
6 33 6.75 0.10120 
6 34 10.75 0.15464 
6 35 10.75 0.15416 
6 36 6.25 0.14782 
6 37 5.75 0.19610 
6 38 9.75 0.17810 
6 39 8.75 0.17484 
6 40 4.25 0.19018 
6 41 8.75 0.21243 
6 42 11.75 0.18033 
6 43 9.25 0.17335 
6 44 9.25 0.17745 
6 45 13.75 0.17899 
6 46 14.25 0.17102 
6 47 13.25 0.14937 
6 48 17.25 0.14661 
6 49 12.75 0.12871 
6 50 12.25 0.13391 
6 51 17.25 0.15700 
6 52 14.25 0.13375 
6 61 14.25 0.09381 
6 62 16.75 0.12041 
6 63 11.75 0.12732 
6 64 17.25 0.13391 
6 65 15.25 0.12853 
7 1 10.75 0.31896 
7 2 9.75 0.62182 
7 3 6.25 0.70333 
7 4 5.75 0.68723 
7 5 7.25 0.94722 
7 6 5.25 0.96045 
7 8 5.25 0.95979 
7 9 7.25 0.96090 
7 10 5.75 0.71366 
7 11 6.25 0.73347 
7 12 9.75 0.84601 
7 13 10.75 0.68861 
7 14 10.75 0.45643 
7 15 12.75 0.38179 
7 16 15.25 0.42034 
7 17 15.75 0.23601 
7 18 16.25 0.11589 
7 19 16.75 0.10909 
7 20 13.25 0.13917 
7 21 16.75 0.16327 
7 22 13.75 0.14104 
7 23 17.25 0.15788 
7 24 15.25 0.15551 
7 25 10.75 0.18011 
7 26 13.75 0.15033 
7 27 16.75 0.13776 
7 33 13.25 0.08916 
7 34 14.75 0.12980 
7 35 14.25 0.16082 
7 36 10.25 0.15935 
7 37 9.75 0.14917 
7 38 12.25 0.15017 
7 39 10.25 0.14309 
7 40 5.25 0.18585 
7 41 8.75 0.17590 
7 42 10.75 0.15444 
7 43 7.75 0.13626 
7 44 5.75 0.19712 
7 45 10.75 0.15902 
7 46 11.25 0.12918 
7 47 8.25 0.14016 
7 48 12.25 0.15005 
7 49 7.75 0.13204 
7 50 9.25 0.13914 
7 51 14.25 0.15462 
7 52 13.25 0.14649 
7 53 18.25 0.14432 
7 61 15.25 0.10618 
7 62 16.25 0.11318 
7 63 11.25 0.12629 
7 64 15.25 0.13609 
7 65 11.75 0.12653 
7 66 14.25 0.09565 
8 1 10.75 0.29329 
8 2 10.75 0.51236 
8 3 9.75 0.82204 
8 4 6.25 0.68517 
8 5 5.75 0.70003 
8 6 7.25 0.95835 
8 7 5.25 0.95979 
8 9 5.25 0.96662 
8 10 7.25 0.95243 
8 11 5.75 0.71200 
8 12 6.25 0.67200 
8 13 9.75 0.79866 
8 14 10.75 0.62722 
8 15 10.75 0.45720 
8 16 12.75 0.24850 
8 17 15.25 0.26288 
8 18 17.75 0.15201 
8 19 18.75 0.13820 
8 20 13.75 0.16490 
8 21 18.25 0.16350 
8 22 16.25 0.16198 
8 24 15.25 0.10556 
8 25 12.25 0.14071 
8 26 14.75 0.12873 
8 27 16.75 0.10158 
8 33 14.25 0.11041 
8 34 17.25 0.14241 
8 35 17.75 0.15566 
8 36 13.75 0.16667 
8 37 12.75 0.13820 
8 38 16.25 0.16790 
8 39 14.75 0.15661 
8 40 9.75 0.18573 
8 41 12.75 0.20424 
8 42 16.25 0.16736 
8 43 13.25 0.14062 
8 44 9.75 0.17478 
8 45 15.75 0.15779 
8 46 16.75 0.13934 
8 47 13.25 0.12062 
8 48 16.25 0.14659 
8 49 10.75 0.13802 
8 50 12.25 0.15251 
8 51 17.75 0.16832 
8 52 17.25 0.14328 
8 63 14.25 0.11866 
8 64 17.25 0.14560 
8 65 13.25 0.11874 
8 66 16.25 0.09878 
9 1 12.75 0.32209 
9 2 10.75 0.41703 
9 3 10.75 0.71924 
9 4 9.75 0.85138 
9 5 6.25 0.67196 
9 6 5.75 0.71498 
9 7 7.25 0.96090 
9 8 5.25 0.96662 
9 10 5.25 0.97284 
9 11 7.25 0.95439 
9 12 5.75 0.70030 
9 13 6.25 0.64303 
9 14 9.75 0.73175 
9 15 10.75 0.51596 
9 16 10.75 0.33032 
9 17 12.75 0.15388 
9 18 15.75 0.16660 
9 19 15.25 0.15171 
9 20 10.25 0.16399 
9 21 13.75 0.15092 
9 22 12.75 0.13184 
9 23 13.25 0.13456 
9 24 9.75 0.12074 
9 25 6.25 0.12184 
9 26 9.75 0.13208 
9 27 10.25 0.09785 
9 28 8.25 0.06280 
9 30 13.25 0.07808 
9 32 14.75 0.09633 
9 33 10.25 0.10889 
9 34 13.25 0.13612 
9 35 15.75 0.15196 
9 36 11.75 0.13141 
9 37 8.75 0.14997 
9 38 13.75 0.14710 
9 39 14.25 0.15238 
9 40 9.25 0.16764 
9 41 10.25 0.19250 
9 42 15.25 0.16938 
9 43 13.25 0.16904 
9 44 10.25 0.17938 
9 45 15.25 0.15778 
9 46 17.75 0.19744 
9 47 15.75 0.16002 
9 48 18.25 0.19217 
9 49 13.25 0.17175 
9 50 12.75 0.17039 
9 51 16.75 0.16146 
9 52 15.75 0.11748 
9 61 14.25 0.08657 
9 62 15.75 0.10869 
9 63 10.25 0.10103 
9 64 15.25 0.12800 
9 65 13.75 0.16810 
9 66 18.25 0.12721 
10 1 14.75 0.35128 
10 2 12.75 0.48712 
10 3 10.25 0.43056 
10 4 10.75 0.74226 
10 5 9.75 0.86326 
10 6 6.25 0.71256 
10 7 5.75 0.71366 
10 8 7.25 0.95243 
10 9 5.25 0.97284 
10 11 5.25 0.96208 
10 12 7.25 0.94366 
10 13 5.75 0.64746 
10 14 6.25 0.61001 
10 15 9.75 0.63350 
10 16 10.75 0.36828 
10 17 10.75 0.25427 
10 18 12.25 0.12558 
10 19 11.25 0.15876 
10 20 6.75 0.15355 
10 21 11.25 0.18117 
10 22 9.75 0.17539 
10 23 12.75 0.19372 
10 24 9.75 0.18909 
10 25 6.25 0.20792 
10 26 9.75 0.15229 
10 27 12.25 0.14887 
10 28 14.25 0.06590 
10 30 15.25 0.09828 
10 32 16.75 0.11449 
10 33 11.25 0.12053 
10 34 12.25 0.12301 
10 35 14.25 0.13155 
10 36 11.25 0.14678 
10 37 6.75 0.12701 
10 38 10.25 0.13966 
10 39 11.75 0.15190 
10 40 6.25 0.13032 
10 41 6.25 0.17846 
10 42 10.75 0.16479 
10 43 9.75 0.17039 
10 44 6.25 0.19125 
10 45 10.25 0.17759 
10 46 13.25 0.17661 
10 47 12.25 0.16192 
10 48 14.25 0.16719 
10 49 9.25 0.20103 
10 50 7.25 0.18008 
10 51 11.75 0.17243 
10 52 10.25 0.15882 
10 53 14.25 0.15143 
10 54 15.25 0.11979 
10 55 17.75 0.12388 
10 60 14.75 0.13625 
10 61 10.25 0.11636 
10 62 11.25 0.14419 
10 63 6.25 0.15055 
10 64 10.75 0.15653 
10 65 9.75 0.17555 
10 66 13.75 0.12365 
10 67 15.75 0.10168 
10 69 12.25 0.06549 
11 1 15.75 0.26078 
11 2 14.75 0.44751 
11 3 12.75 0.47004 
11 4 10.75 0.50009 
11 5 10.75 0.74744 
11 6 9.75 0.86423 
11 7 6.25 0.73347 
11 8 5.75 0.71200 
11 9 7.25 0.95439 
11 10 5.25 0.96208 
11 12 5.25 0.95360 
11 13 7.25 0.90091 
11 14 5.75 0.58188 
11 15 6.25 0.50431 
11 16 9.75 0.43838 
11 17 11.25 0.30821 
11 18 12.75 0.10781 
11 19 14.25 0.14249 
11 20 10.75 0.18741 
11 21 15.75 0.19004 
11 22 14.25 0.15536 
11 23 17.75 0.18626 
11 24 14.25 0.16858 
11 25 10.75 0.19683 
11 26 14.75 0.15330 
11 27 16.25 0.14522 
11 33 16.75 0.11222 
11 34 17.75 0.11864 
11 36 15.25 0.13526 
11 37 13.25 0.13694 
11 38 15.25 0.14262 
11 39 15.25 0.15955 
11 40 10.25 0.16791 
11 41 10.25 0.16910 
11 42 14.25 0.17865 
11 43 12.25 0.13472 
11 44 6.75 0.14250 
11 45 13.25 0.16247 
11 46 14.75 0.13457 
11 47 11.25 0.13085 
11 48 12.75 0.14655 
11 49 6.25 0.12198 
11 50 7.25 0.13512 
11 51 12.75 0.17742 
11 52 13.75 0.16498 
11 53 17.25 0.15409 
11 61 15.75 0.12574 
11 62 15.25 0.18659 
11 63 10.25 0.18770 
11 64 11.25 0.14268 
11 65 6.75 0.12193 
11 66 11.25 0.11929 
11 67 13.25 0.08324 
11 68 13.25 0.06777 
11 69 9.75 0.06860 
12 1 16.75 0.24332 
12 2 15.75 0.39305 
12 3 15.25 0.54290 
12 4 12.75 0.53705 
12 5 10.75 0.56835 
12 6 10.75 0.72434 
12 7 9.75 0.84601 
12 8 6.25 0.67200 
12 9 5.75 0.70030 
12 10 7.25 0.94366 
12 11 5.25 0.95360 
12 13 5.25 0.94602 
12 14 7.25 0.84543 
12 15 5.75 0.52219 
12 16 6.25 0.30447 
12 17 9.75 0.24022 
12 18 12.25 0.15711 
12 19 14.25 0.17876 
12 20 10.25 0.19527 
12 21 15.25 0.16846 
12 22 15.25 0.18756 
12 23 16.75 0.16745 
12 24 12.75 0.14122 
12 25 10.25 0.15473 
12 26 14.25 0.13434 
12 27 13.25 0.09636 
12 33 16.75 0.11024 
12 36 17.75 0.16161 
12 37 13.75 0.14634 
12 38 17.75 0.15046 
12 40 13.25 0.17139 
12 41 13.25 0.17116 
12 42 18.25 0.17774 
12 43 16.75 0.15433 
12 44 12.25 0.17628 
12 45 16.75 0.15863 
12 47 16.75 0.13373 
12 48 18.25 0.15836 
12 49 13.25 0.12667 
12 50 12.75 0.16765 
12 51 16.75 0.20451 
12 52 16.75 0.15397 
12 61 18.25 0.13113 
12 62 16.75 0.14876 
12 63 12.75 0.14216 
12 64 14.75 0.15114 
12 65 10.75 0.18726 
12 66 15.25 0.13902 
12 67 16.75 0.08352 
13 1 18.75 0.30501 
13 2 16.25 0.31591 
13 3 15.75 0.48908 
13 4 15.25 0.60145 
13 5 12.75 0.52471 
13 6 10.75 0.54465 
13 7 10.75 0.68861 
13 8 9.75 0.79866 
13 9 6.25 0.64303 
13 10 5.75 0.64746 
13 11 7.25 0.90091 
13 12 5.25 0.94602 
13 14 5.25 0.89070 
13 15 7.25 0.80386 
13 16 5.75 0.32096 
13 17 6.25 0.22560 
13 18 9.75 0.15252 
13 19 9.75 0.14522 
13 20 5.25 0.17962 
13 21 9.75 0.18754 
13 22 11.25 0.17694 
13 23 12.25 0.16959 
13 24 7.75 0.14496 
13 25 5.75 0.15733 
13 26 9.75 0.14559 
13 27 10.75 0.10874 
13 28 10.75 0.05054 
13 33 14.75 0.11494 
13 34 15.25 0.11797 
13 36 16.25 0.12704 
13 37 11.75 0.13645 
13 38 15.25 0.14146 
13 39 17.25 0.15498 
13 40 12.25 0.14858 
13 41 11.25 0.14823 
13 42 16.75 0.15961 
13 43 16.25 0.15535 
13 44 11.75 0.18075 
13 45 15.25 0.15703 
13 47 17.25 0.14240 
13 48 18.25 0.17634 
13 49 13.25 0.15501 
13 50 10.25 0.16964 
13 51 14.25 0.18488 
13 52 13.75 0.14846 
13 53 15.25 0.13249 
13 60 15.25 0.11182 
13 61 13.25 0.12403 
13 62 13.25 0.10700 
13 63 9.25 0.14354 
13 64 11.25 0.11789 
13 65 9.75 0.19362 
13 66 14.75 0.16848 
13 67 16.75 0.10463 
13 69 15.25 0.07947 
14 2 18.75 0.41101 
14 3 16.25 0.38420 
14 4 15.75 0.49927 
14 5 15.25 0.56203 
14 6 12.75 0.40191 
14 7 10.75 0.45643 
14 8 10.75 0.62722 
14 9 9.75 0.73175 
14 10 6.25 0.61001 
14 11 5.75 0.58188 
14 12 7.25 0.84543 
14 13 5.25 0.89070 
14 15 5.25 0.76967 
14 16 7.25 0.59689 
14 17 6.75 0.21384 
14 18 7.25 0.13370 
14 19 9.75 0.12290 
14 20 6.25 0.19667 
14 21 11.25 0.17151 
14 22 12.25 0.13091 
14 23 14.75 0.16601 
14 24 10.25 0.14539 
14 25 9.25 0.14242 
14 26 14.25 0.13877 
14 27 14.75 0.11711 
14 34 17.75 0.11525 
14 36 18.25 0.13983 
14 37 13.25 0.14443 
14 38 15.25 0.13755 
14 39 16.75 0.14321 
14 40 12.75 0.15046 
14 41 10.25 0.15664 
14 42 15.25 0.16011 
14 43 14.25 0.13852 
14 44 9.25 0.13038 
14 45 12.75 0.16464 
14 46 16.75 0.15999 
14 47 14.25 0.15790 
14 48 13.25 0.15459 
14 49 9.25 0.16133 
14 50 6.75 0.19424 
14 51 10.25 0.18559 
14 52 10.75 0.15555 
14 53 13.25 0.16594 
14 54 16.25 0.12594 
14 55 17.75 0.11818 
14 60 15.75 0.12242 
14 61 12.75 0.15173 
14 62 10.75 0.17013 
14 63 6.25 0.13380 
14 64 8.25 0.12827 
14 65 5.25 0.20141 
14 66 9.75 0.16332 
14 67 11.75 0.09484 
14 68 13.25 0.08644 
14 69 9.75 0.07997 
14 70 13.25 0.05741 
15 3 18.75 0.40299 
15 4 16.75 0.29136 
15 5 15.75 0.41232 
15 6 15.25 0.52203 
15 7 12.75 0.38179 
15 8 10.75 0.45720 
15 9 10.75 0.51596 
15 10 9.75 0.63350 
15 11 6.25 0.50431 
15 12 5.75 0.52219 
15 13 7.25 0.80386 
15 14 5.25 0.76967 
15 16 5.25 0.76772 
15 17 7.75 0.47089 
15 18 8.75 0.11808 
15 19 12.25 0.18454 
15 20 10.75 0.19143 
15 21 16.25 0.18485 
15 22 17.25 0.14804 
15 24 14.25 0.14159 
15 25 12.75 0.15483 
15 26 17.75 0.14357 
15 37 17.75 0.13901 
15 40 16.75 0.14618 
15 41 15.25 0.14820 
15 44 13.25 0.14295 
15 45 16.75 0.14445 
15 47 16.75 0.10934 
15 48 16.25 0.12020 
15 49 11.75 0.12228 
15 50 10.75 0.15431 
15 51 14.25 0.14797 
15 52 15.75 0.13756 
15 53 17.75 0.14631 
15 61 18.25 0.17126 
15 62 15.25 0.18198 
15 63 11.75 0.15206 
15 64 10.75 0.13319 
15 65 6.25 0.13784 
15 66 11.25 0.10807 
15 67 11.75 0.06641 
15 68 14.75 0.05759 
15 69 11.25 0.06301 
16 5 16.75 0.20710 
16 6 15.75 0.26831 
16 7 15.25 0.42034 
16 8 12.75 0.24850 
16 9 10.75 0.33032 
16 10 10.75 0.36828 
16 11 9.75 0.43838 
16 12 6.25 0.30447 
16 13 5.75 0.32096 
16 14 7.25 0.59689 
16 15 5.25 0.76772 
16 17 4.75 0.45968 
16 18 7.75 0.20825 
16 19 10.75 0.26687 
16 20 9.25 0.16798 
16 21 14.75 0.16544 
16 22 16.75 0.15013 
16 23 18.25 0.11771 
16 24 12.25 0.12244 
16 25 13.25 0.11296 
16 26 16.75 0.10752 
16 41 17.75 0.13833 
16 44 16.25 0.13073 
16 49 15.75 0.11464 
16 50 13.75 0.16085 
16 51 16.25 0.14874 
16 52 17.75 0.16542 
16 53 18.25 0.13798 
16 61 18.75 0.16370 
16 62 15.25 0.16720 
16 63 12.75 0.15544 
16 64 12.75 0.13025 
16 65 9.25 0.12927 
16 66 15.25 0.11405 
16 67 15.25 0.06519 
17 6 16.75 0.17705 
17 7 15.75 0.23601 
17 8 15.25 0.26288 
17 9 12.75 0.15388 
17 10 10.75 0.25427 
17 11 11.25 0.30821 
17 12 9.75 0.24022 
17 13 6.25 0.22560 
17 14 6.75 0.21384 
17 15 7.75 0.47089 
17 16 4.75 0.45968 
17 18 5.75 0.49348 
17 19 7.25 0.15083 
17 20 5.25 0.15263 
17 21 9.75 0.14302 
17 22 13.25 0.11109 
17 23 14.25 0.10153 
17 24 9.25 0.11587 
17 25 12.25 0.08828 
17 26 15.25 0.08660 
17 41 16.25 0.12024 
17 44 15.75 0.11575 
17 45 18.25 0.13737 
17 49 15.75 0.11284 
17 50 13.25 0.12868 
17 51 14.25 0.11653 
17 52 14.25 0.15507 
17 53 14.25 0.13930 
17 54 18.75 0.13831 
17 55 16.75 0.10039 
17 60 15.75 0.11609 
17 61 15.75 0.14411 
17 62 11.25 0.14627 
17 63 11.25 0.15123 
17 64 9.75 0.16802 
17 65 8.25 0.10291 
17 66 14.25 0.09601 
17 67 13.75 0.07744 
18 7 16.25 0.11589 
18 8 17.75 0.15201 
18 9 15.75 0.16660 
18 10 12.25 0.12558 
18 11 12.75 0.10781 
18 12 12.25 0.15711 
18 13 9.75 0.15252 
18 14 7.25 0.13370 
18 15 8.75 0.11808 
18 16 7.75 0.20825 
18 17 5.75 0.49348 
18 19 5.25 0.43086 
18 20 7.25 0.28272 
18 21 11.25 0.28567 
18 22 14.25 0.21979 
18 23 15.75 0.18297 
18 24 12.25 0.15942 
18 25 13.25 0.14991 
18 26 18.25 0.16782 
18 41 16.25 0.14364 
18 44 15.75 0.13175 
18 45 16.75 0.12895 
18 49 15.25 0.10225 
18 50 11.25 0.11791 
18 51 11.25 0.16919 
18 52 13.75 0.22638 
18 53 12.25 0.14228 
18 54 17.75 0.19056 
18 55 16.25 0.11014 
18 60 15.75 0.14668 
18 61 14.75 0.30823 
18 62 10.25 0.21280 
18 63 9.75 0.30849 
18 64 6.25 0.19643 
18 65 5.75 0.14628 
18 66 9.75 0.10999 
18 67 10.75 0.08512 
18 69 14.25 0.06401 
19 6 16.75 0.11682 
19 7 16.75 0.10909 
19 8 18.75 0.13820 
19 9 15.25 0.15171 
19 10 11.25 0.15876 
19 11 14.25 0.14249 
19 12 14.25 0.17876 
19 13 9.75 0.14522 
19 14 9.75 0.12290 
19 15 12.25 0.18454 
19 16 10.75 0.26687 
19 17 7.25 0.15083 
19 18 5.25 0.43086 
19 20 5.75 0.85006 
19 21 7.75 0.34495 
19 22 10.75 0.27048 
19 23 12.75 0.31399 
19 24 9.75 0.25259 
19 25 10.75 0.20929 
19 26 15.25 0.24472 
19 27 16.75 0.12375 
19 37 16.25 0.13050 
19 38 16.75 0.13147 
19 40 17.75 0.13955 
19 41 13.25 0.17627 
19 42 17.25 0.13730 
19 44 14.25 0.14914 
19 45 14.25 0.14000 
19 48 17.75 0.12890 
19 49 14.25 0.14838 
19 50 10.75 0.17372 
19 51 9.25 0.23736 
19 52 10.75 0.23643 
19 53 8.25 0.15076 
19 54 12.75 0.13136 
19 55 11.25 0.11769 
19 56 15.25 0.09695 
19 58 16.25 0.08803 
19 59 15.25 0.12865 
19 60 11.25 0.15150 
19 61 10.75 0.26838 
19 62 5.25 0.25547 
19 63 6.75 0.35213 
19 64 5.25 0.27626 
19 65 7.75 0.19055 
19 66 11.25 0.16392 
19 67 13.75 0.12292 
19 68 16.25 0.10279 
19 69 15.25 0.07720 
20 3 17.75 0.11192 
20 4 18.75 0.13424 
20 5 16.75 0.12034 
20 6 13.25 0.10906 
20 7 13.25 0.13917 
20 8 13.75 0.16490 
20 9 10.25 0.16399 
20 10 6.75 0.15355 
20 11 10.75 0.18741 
20 12 10.25 0.19527 
20 13 5.25 0.17962 
20 14 6.25 0.19667 
20 15 10.75 0.19143 
20 16 9.25 0.16798 
20 17 5.25 0.15263 
20 18 7.25 0.28272 
20 19 5.75 0.85006 
20 21 5.75 0.82532 
20 22 7.75 0.42452 
20 23 9.25 0.32989 
20 24 5.25 0.21854 
20 25 5.75 0.20574 
20 26 10.75 0.19992 
20 27 11.25 0.11364 
20 28 14.25 0.09554 
20 33 16.75 0.12967 
20 34 14.25 0.15961 
20 35 17.75 0.15509 
20 36 17.25 0.15911 
20 37 11.75 0.15208 
20 38 13.25 0.18849 
20 39 17.25 0.17917 
20 40 13.75 0.16058 
20 41 10.25 0.16640 
20 42 14.75 0.14981 
20 43 16.75 0.16795 
20 44 12.25 0.16385 
20 45 13.25 0.15529 
20 46 18.25 0.13957 
20 47 17.25 0.13628 
20 48 17.25 0.12870 
20 49 13.75 0.18406 
20 50 9.75 0.15545 
20 51 11.25 0.30411 
20 52 10.25 0.31129 
20 53 10.75 0.27906 
20 54 13.25 0.24071 
20 55 12.75 0.15691 
20 56 16.75 0.11573 
20 58 15.75 0.10850 
20 59 15.25 0.23248 
20 60 10.75 0.22454 
20 61 9.75 0.31897 
20 62 6.75 0.34257 
20 63 4.75 0.29198 
20 64 8.25 0.34564 
20 65 8.75 0.16123 
20 66 12.75 0.16769 
20 67 15.75 0.12075 
21 6 15.25 0.13993 
21 7 16.75 0.16327 
21 8 18.25 0.16350 
21 9 13.75 0.15092 
21 10 11.25 0.18117 
21 11 15.75 0.19004 
21 12 15.25 0.16846 
21 13 9.75 0.18754 
21 14 11.25 0.17151 
21 15 16.25 0.18485 
21 16 14.75 0.16544 
21 17 9.75 0.14302 
21 18 11.25 0.28567 
21 19 7.75 0.34495 
21 20 5.75 0.82532 
21 22 5.25 0.47668 
21 23 4.75 0.43202 
21 24 4.75 0.48537 
21 25 7.25 0.35244 
21 26 8.75 0.35732 
21 27 9.25 0.20153 
21 28 10.75 0.07886 
21 29 12.75 0.10864 
21 30 17.75 0.12010 
21 33 16.25 0.12210 
21 34 13.25 0.12843 
21 35 16.75 0.13641 
21 36 17.75 0.17842 
21 37 12.75 0.14143 
21 38 12.75 0.13751 
21 39 17.25 0.16961 
21 40 15.75 0.17999 
21 41 11.25 0.19122 
21 42 15.75 0.16476 
21 43 18.75 0.17378 
21 44 15.75 0.16595 
21 45 15.25 0.14913 
21 49 18.25 0.20425 
21 50 13.25 0.17912 
21 51 13.75 0.28314 
21 52 11.25 0.30364 
21 53 10.25 0.29361 
21 54 11.25 0.22951 
21 55 8.75 0.12260 
21 56 12.25 0.09288 
21 57 14.25 0.09818 
21 58 10.75 0.08126 
21 59 10.25 0.11936 
21 60 5.75 0.22039 
21 61 7.25 0.43836 
21 62 5.75 0.37290 
21 63 7.75 0.37254 
21 64 10.75 0.30041 
21 65 13.25 0.20364 
21 66 16.75 0.18789 
22 2 16.75 0.10106 
22 3 14.75 0.12275 
22 4 18.25 0.12585 
22 5 16.25 0.12191 
22 6 11.25 0.14512 
22 7 13.75 0.14104 
22 8 16.25 0.16198 
22 9 12.75 0.13184 
22 10 9.75 0.17539 
22 11 14.25 0.15536 
22 12 15.25 0.18756 
22 13 11.25 0.17694 
22 14 12.25 0.13091 
22 15 17.25 0.14804 
22 16 16.75 0.15013 
22 17 13.25 0.11109 
22 18 14.25 0.21979 
22 19 10.75 0.27048 
22 20 7.75 0.42452 
22 21 5.25 0.47668 
22 23 5.25 0.80949 
22 24 7.25 0.84873 
22 25 5.75 0.51748 
22 26 6.25 0.42584 
22 27 9.75 0.35687 
22 28 10.75 0.15639 
22 29 10.75 0.12639 
22 30 14.25 0.12338 
22 31 14.75 0.09882 
22 32 15.75 0.13032 
22 33 12.75 0.11840 
22 34 8.25 0.12715 
22 35 11.25 0.14587 
22 36 12.75 0.19184 
22 37 8.25 0.15001 
22 38 6.75 0.15477 
22 39 12.25 0.18243 
22 40 11.25 0.17648 
22 41 6.75 0.18932 
22 42 10.75 0.17012 
22 43 14.25 0.17149 
22 44 12.25 0.17528 
22 45 11.75 0.15883 
22 46 16.25 0.15604 
22 47 17.25 0.14963 
22 48 18.25 0.15525 
22 49 15.25 0.16381 
22 50 11.25 0.16600 
22 51 12.75 0.19791 
22 52 7.75 0.16132 
22 53 10.25 0.23451 
22 54 9.75 0.18186 
22 55 10.75 0.16066 
22 56 13.25 0.12217 
22 57 14.75 0.11558 
22 58 12.25 0.09564 
22 59 9.75 0.15107 
22 60 6.75 0.14237 
22 61 4.25 0.33639 
22 62 7.25 0.26003 
22 63 6.25 0.18605 
22 64 11.75 0.20362 
22 65 14.25 0.17016 
22 66 16.75 0.14458 
23 6 14.25 0.14440 
23 7 17.25 0.15788 
23 9 13.25 0.13456 
23 10 12.75 0.19372 
23 11 17.75 0.18626 
23 12 16.75 0.16745 
23 13 12.25 0.16959 
23 14 14.75 0.16601 
23 16 18.25 0.11771 
23 17 14.25 0.10153 
23 18 15.75 0.18297 
23 19 12.75 0.31399 
23 20 9.25 0.32989 
23 21 4.75 0.43202 
23 22 5.25 0.80949 
23 24 5.25 0.80513 
23 25 7.25 0.82981 
23 26 5.75 0.37792 
23 27 6.25 0.26795 
23 28 9.75 0.18996 
23 29 10.75 0.15824 
23 30 14.75 0.09249 
23 31 13.25 0.08252 
23 32 16.75 0.10871 
23 33 13.75 0.12270 
23 34 9.75 0.14481 
23 35 14.25 0.14296 
23 36 15.75 0.16371 
23 37 10.75 0.14642 
23 38 11.25 0.14974 
23 39 16.25 0.16972 
23 40 15.25 0.17433 
23 41 11.75 0.15799 
23 42 15.75 0.15619 
23 44 17.25 0.15197 
23 45 17.25 0.13923 
23 50 16.25 0.16471 
23 51 17.25 0.19042 
23 52 13.25 0.16430 
23 53 13.75 0.18812 
23 54 11.75 0.13306 
23 55 10.75 0.08996 
23 56 12.75 0.09341 
23 57 13.75 0.08468 
23 58 9.25 0.08672 
23 59 8.75 0.08320 
23 60 4.75 0.14011 
23 61 8.25 0.17647 
23 62 10.25 0.18513 
23 63 11.25 0.20712 
23 64 15.25 0.21195 
23 65 18.25 0.16323 
24 5 17.75 0.10361 
24 6 13.25 0.13728 
24 7 15.25 0.15551 
24 8 15.25 0.10556 
24 9 9.75 0.12074 
24 10 9.75 0.18909 
24 11 14.25 0.16858 
24 12 12.75 0.14122 
24 13 7.75 0.14496 
24 14 10.25 0.14539 
24 15 14.25 0.14159 
24 16 12.25 0.12244 
24 17 9.25 0.11587 
24 18 12.25 0.15942 
24 19 9.75 0.25259 
24 20 5.25 0.21854 
24 21 4.75 0.48537 
24 22 7.25 0.84873 
24 23 5.25 0.80513 
24 25 5.25 0.82001 
24 26 7.25 0.56740 
24 27 5.75 0.21773 
24 28 11.25 0.08322 
24 29 10.75 0.14638 
24 30 15.25 0.10395 
24 31 16.25 0.10569 
24 32 18.25 0.14537 
24 33 14.25 0.15389 
24 34 11.75 0.15272 
24 35 16.25 0.16596 
24 36 16.75 0.16345 
24 37 11.75 0.11534 
24 38 13.25 0.19281 
24 39 17.25 0.17779 
24 40 15.25 0.12861 
24 41 12.25 0.16925 
24 42 16.75 0.15787 
24 44 16.75 0.14483 
24 45 17.25 0.13126 
24 50 14.75 0.12625 
24 51 17.25 0.15880 
24 52 13.25 0.17147 
24 53 13.75 0.16373 
24 54 14.25 0.13491 
24 55 13.75 0.10982 
24 56 14.75 0.08366 
24 57 16.25 0.08321 
24 58 14.25 0.08706 
24 59 12.75 0.09266 
24 60 8.75 0.15179 
24 61 10.25 0.18557 
24 62 9.25 0.22118 
24 63 10.25 0.13814 
24 64 14.25 0.11744 
24 65 15.25 0.09647 
25 2 14.75 0.09952 
25 3 13.25 0.12076 
25 4 15.25 0.13338 
25 5 13.25 0.11853 
25 6 8.75 0.11303 
25 7 10.75 0.18011 
25 8 12.25 0.14071 
25 9 6.25 0.12184 
25 10 6.25 0.20792 
25 11 10.75 0.19683 
25 12 10.25 0.15473 
25 13 5.75 0.15733 
25 14 9.25 0.14242 
25 15 12.75 0.15483 
25 16 13.25 0.11296 
25 17 12.25 0.08828 
25 18 13.25 0.14991 
25 19 10.75 0.20929 
25 20 5.75 0.20574 
25 21 7.25 0.35244 
25 22 5.75 0.51748 
25 23 7.25 0.82981 
25 24 5.25 0.82001 
25 26 5.25 0.71147 
25 27 7.25 0.46418 
25 28 10.75 0.16725 
25 29 8.25 0.09297 
25 30 12.25 0.09705 
25 31 13.75 0.10505 
25 32 14.25 0.15503 
25 33 9.75 0.16250 
25 34 8.75 0.13587 
25 35 12.25 0.14507 
25 36 12.25 0.11333 
25 37 5.25 0.10789 
25 38 8.75 0.16266 
25 39 12.75 0.17532 
25 40 9.75 0.15423 
25 41 7.75 0.14516 
25 42 13.25 0.13955 
25 43 14.25 0.14174 
25 44 12.25 0.14391 
25 45 13.25 0.14804 
25 46 17.25 0.13784 
25 47 17.75 0.12837 
25 49 15.25 0.11201 
25 50 11.75 0.14787 
25 51 15.25 0.13798 
25 52 10.75 0.14190 
25 53 13.75 0.13321 
25 54 13.75 0.11209 
25 55 14.75 0.13021 
25 56 17.75 0.08691 
25 58 15.25 0.08974 
25 59 14.25 0.12463 
25 60 10.75 0.14851 
25 61 8.75 0.17970 
25 62 10.25 0.18621 
25 63 6.75 0.11296 
25 64 12.25 0.11215 
25 65 13.75 0.11559 
25 66 17.25 0.11567 
26 2 14.75 0.09547 
26 3 14.25 0.12041 
26 4 16.75 0.11736 
26 5 14.25 0.09606 
26 6 9.75 0.12458 
26 7 13.75 0.15033 
26 8 14.75 0.12873 
26 9 9.75 0.13208 
26 10 9.75 0.15229 
26 11 14.75 0.15330 
26 12 14.25 0.13434 
26 13 9.75 0.14559 
26 14 14.25 0.13877 
26 15 17.75 0.14357 
26 16 16.75 0.10752 
26 17 15.25 0.08660 
26 18 18.25 0.16782 
26 19 15.25 0.24472 
26 20 10.75 0.19992 
26 21 8.75 0.35732 
26 22 6.25 0.42584 
26 23 5.75 0.37792 
26 24 7.25 0.56740 
26 25 5.25 0.71147 
26 27 5.75 0.52718 
26 28 7.25 0.38000 
26 29 5.75 0.16271 
26 30 9.75 0.10553 
26 31 9.75 0.11395 
26 32 11.25 0.14883 
26 33 8.75 0.14735 
26 34 5.25 0.18244 
26 35 9.75 0.16236 
26 36 10.25 0.15458 
26 37 5.75 0.12993 
26 38 8.75 0.14056 
26 39 12.25 0.17252 
26 40 11.25 0.15116 
26 41 10.25 0.16601 
26 42 13.75 0.15496 
26 43 15.25 0.13840 
26 44 14.75 0.14899 
26 45 16.25 0.14486 
26 50 15.25 0.14039 
26 51 18.25 0.15673 
26 52 13.75 0.12551 
26 53 16.75 0.15031 
26 54 14.75 0.10322 
26 55 16.25 0.10079 
26 58 15.25 0.07553 
26 59 13.75 0.08519 
26 60 11.25 0.13160 
26 61 9.75 0.16791 
26 62 12.75 0.13213 
26 63 11.25 0.13177 
26 64 16.75 0.14010 
27 5 14.25 0.07426 
27 6 12.75 0.11968 
27 7 16.75 0.13776 
27 8 16.75 0.10158 
27 9 10.25 0.09785 
27 10 12.25 0.14887 
27 11 16.25 0.14522 
27 12 13.25 0.09636 
27 13 10.75 0.10874 
27 14 14.75 0.11711 
27 19 16.75 0.12375 
27 20 11.25 0.11364 
27 21 9.25 0.20153 
27 22 9.75 0.35687 
27 23 6.25 0.26795 
27 24 5.75 0.21773 
27 25 7.25 0.46418 
27 26 5.75 0.52718 
27 28 5.25 0.57473 
27 29 7.25 0.36758 
27 30 10.75 0.17777 
27 31 12.25 0.09161 
27 32 14.25 0.15103 
27 33 11.25 0.14072 
27 34 9.75 0.14555 
27 35 14.25 0.15778 
27 36 14.75 0.17580 
27 37 10.75 0.13870 
27 38 13.25 0.14362 
27 39 17.25 0.16105 
27 40 15.25 0.11612 
27 41 14.75 0.13225 
27 52 17.75 0.13115 
27 59 14.25 0.07147 
27 60 12.25 0.09173 
27 61 13.25 0.12748 
27 62 15.25 0.12652 
27 63 15.25 0.11385 
28 5 13.75 0.06089 
28 6 12.25 0.07356 
28 9 8.25 0.06280 
28 10 14.25 0.06590 
28 13 10.75 0.05054 
28 20 14.25 0.09554 
28 21 10.75 0.07886 
28 22 10.75 0.15639 
28 23 9.75 0.18996 
28 24 11.25 0.08322 
28 25 10.75 0.16725 
28 26 7.25 0.38000 
28 27 5.25 0.57473 
28 29 5.25 0.45186 
28 30 8.25 0.14855 
28 31 11.25 0.13796 
28 32 13.25 0.13774 
28 33 9.25 0.16673 
28 34 9.75 0.14881 
28 35 14.25 0.15122 
28 36 14.25 0.13451 
28 37 10.75 0.12015 
28 38 14.25 0.14798 
28 39 17.75 0.13766 
28 40 16.25 0.09817 
28 41 15.25 0.12982 
28 60 15.25 0.09980 
28 61 15.25 0.12215 
28 62 18.25 0.11082 
28 63 16.25 0.10315 
29 6 7.75 0.05413 
29 21 12.75 0.10864 
29 22 10.75 0.12639 
29 23 10.75 0.15824 
29 24 10.75 0.14638 
29 25 8.25 0.09297 
29 26 5.75 0.16271 
29 27 7.25 0.36758 
29 28 5.25 0.45186 
29 30 5.25 0.44481 
29 31 7.75 0.28541 
29 32 8.75 0.25247 
29 33 4.25 0.21858 
29 34 5.25 0.16225 
29 35 9.75 0.16651 
29 36 9.25 0.15578 
29 37 7.25 0.11728 
29 38 10.75 0.09691 
29 39 13.25 0.11253 
29 40 12.75 0.08832 
29 41 12.75 0.08461 
29 60 15.75 0.08345 
29 61 14.75 0.09149 
30 2 13.75 0.05993 
30 3 15.25 0.08882 
30 5 13.75 0.06520 
30 6 11.25 0.08471 
30 9 13.25 0.07808 
30 10 15.25 0.09828 
30 21 17.75 0.12010 
30 22 14.25 0.12338 
30 23 14.75 0.09249 
30 24 15.25 0.10395 
30 25 12.25 0.09705 
30 26 9.75 0.10553 
30 27 10.75 0.17777 
30 28 8.25 0.14855 
30 29 5.25 0.44481 
30 31 5.25 0.57322 
30 32 5.25 0.32139 
30 33 4.75 0.35680 
30 34 6.75 0.37777 
30 35 9.25 0.42791 
30 36 9.25 0.38059 
30 37 10.25 0.32167 
30 38 12.75 0.40953 
30 39 14.25 0.34767 
30 40 14.75 0.26990 
30 41 16.25 0.29617 
30 42 18.75 0.34949 
30 43 19.75 0.32336 
30 61 17.25 0.11520 
31 3 15.25 0.08901 
31 6 13.75 0.11388 
31 22 14.75 0.09882 
31 23 13.25 0.08252 
31 24 16.25 0.10569 
31 25 13.75 0.10505 
31 26 9.75 0.11395 
31 27 12.25 0.09161 
31 28 11.25 0.13796 
31 29 7.75 0.28541 
31 30 5.25 0.57322 
31 32 5.25 0.85206 
31 33 7.25 0.82347 
31 34 5.75 0.50679 
31 35 6.25 0.61235 
31 36 9.75 0.71030 
31 37 10.75 0.58789 
31 38 10.25 0.38563 
31 39 12.75 0.39760 
31 40 15.25 0.41506 
31 41 15.75 0.39001 
31 42 16.25 0.33460 
31 43 18.75 0.39799 
31 61 15.75 0.11212 
32 1 14.75 0.06201 
32 2 10.75 0.07367 
32 3 11.75 0.07907 
32 5 14.25 0.09483 
32 6 11.25 0.11597 
32 9 14.75 0.09633 
32 10 16.75 0.11449 
32 22 15.75 0.13032 
32 23 16.75 0.10871 
32 24 18.25 0.14537 
32 25 14.25 0.15503 
32 26 11.25 0.14883 
32 27 14.25 0.15103 
32 28 13.25 0.13774 
32 29 8.75 0.25247 
32 30 5.25 0.32139 
32 31 5.25 0.85206 
32 33 5.25 0.88874 
32 34 7.25 0.89731 
32 35 5.75 0.60511 
32 36 6.25 0.59559 
32 37 9.75 0.76713 
32 38 10.75 0.59617 
32 39 10.75 0.48853 
32 40 12.75 0.45997 
32 41 15.25 0.54596 
32 42 15.75 0.44446 
32 43 16.75 0.32608 
32 44 18.75 0.41253 
32 61 17.75 0.12259 
33 1 13.25 0.06643 
33 2 10.25 0.08222 
33 3 10.25 0.10456 
33 4 13.75 0.10127 
33 5 10.25 0.11879 
33 6 6.75 0.10120 
33 7 13.25 0.08916 
33 8 14.25 0.11041 
33 9 10.25 0.10889 
33 10 11.25 0.12053 
33 11 16.75 0.11222 
33 12 16.75 0.11024 
33 13 14.75 0.11494 
33 20 16.75 0.12967 
33 21 16.25 0.12210 
33 22 12.75 0.11840 
33 23 13.75 0.12270 
33 24 14.25 0.15389 
33 25 9.75 0.16250 
33 26 8.75 0.14735 
33 27 11.25 0.14072 
33 28 9.25 0.16673 
33 29 4.25 0.21858 
33 30 4.75 0.35680 
33 31 7.25 0.82347 
33 32 5.25 0.88874 
33 34 5.25 0.90259 
33 35 7.25 0.90051 
33 36 5.75 0.62823 
33 37 6.25 0.66429 
33 38 9.75 0.76004 
33 39 10.75 0.65545 
33 40 10.75 0.43349 
33 41 12.75 0.43838 
33 42 15.25 0.49128 
33 43 15.75 0.48060 
33 44 16.25 0.38677 
33 45 18.75 0.45968 
33 50 17.25 0.13106 
33 52 17.75 0.14165 
33 60 17.75 0.11451 
33 61 14.75 0.12054 
33 63 16.25 0.13553 
34 2 13.25 0.08548 
34 3 13.25 0.11389 
34 4 17.25 0.14181 
34 5 14.25 0.13725 
34 6 10.75 0.15464 
34 7 14.75 0.12980 
34 8 17.25 0.14241 
34 9 13.25 0.13612 
34 10 12.25 0.12301 
34 11 17.75 0.11864 
34 13 15.25 0.11797 
34 14 17.75 0.11525 
34 20 14.25 0.15961 
34 21 13.25 0.12843 
34 22 8.25 0.12715 
34 23 9.75 0.14481 
34 24 11.75 0.15272 
34 25 8.75 0.13587 
34 26 5.25 0.18244 
34 27 9.75 0.14555 
34 28 9.75 0.14881 
34 29 5.25 0.16225 
34 30 6.75 0.37777 
34 31 5.75 0.50679 
34 32 7.25 0.89731 
34 33 5.25 0.90259 
34 35 5.25 0.95337 
34 36 7.25 0.92253 
34 37 5.75 0.64855 
34 38 6.25 0.67444 
34 39 9.75 0.79125 
34 40 10.75 0.67703 
34 41 10.75 0.45729 
34 42 12.75 0.46854 
34 43 15.25 0.54085 
34 44 15.75 0.50527 
34 45 16.25 0.36947 
34 46 18.75 0.46303 
34 50 16.25 0.14334 
34 52 15.25 0.13656 
34 53 18.25 0.12326 
34 54 15.25 0.09826 
34 58 15.25 0.06340 
34 59 14.75 0.08251 
34 60 13.25 0.11491 
34 61 10.75 0.12775 
34 62 15.75 0.13713 
34 63 13.75 0.14056 
35 1 15.25 0.08041 
35 2 12.75 0.08472 
35 3 10.75 0.10936 
35 4 16.75 0.12975 
35 5 15.25 0.15559 
35 6 10.75 0.15416 
35 7 14.25 0.16082 
35 8 17.75 0.15566 
35 9 15.75 0.15196 
35 10 14.25 0.13155 
35 20 17.75 0.15509 
35 21 16.75 0.13641 
35 22 11.25 0.14587 
35 23 14.25 0.14296 
35 24 16.25 0.16596 
35 25 12.25 0.14507 
35 26 9.75 0.16236 
35 27 14.25 0.15778 
35 28 14.25 0.15122 
35 29 9.75 0.16651 
35 30 9.25 0.42791 
35 31 6.25 0.61235 
35 32 5.75 0.60511 
35 33 7.25 0.90051 
35 34 5.25 0.95337 
35 36 5.25 0.95668 
35 37 7.25 0.92325 
35 38 5.75 0.64984 
35 39 6.25 0.65883 
35 40 9.75 0.78995 
35 41 10.75 0.68313 
35 42 10.75 0.50153 
35 43 12.75 0.51539 
35 44 15.25 0.57608 
35 45 15.75 0.50548 
35 46 16.25 0.35557 
35 47 18.75 0.39681 
35 49 19.25 0.25841 
35 50 16.25 0.11848 
35 52 15.75 0.16033 
35 60 16.25 0.10621 
35 61 13.25 0.11779 
35 62 18.25 0.13843 
35 63 15.25 0.15497 
36 1 10.75 0.09839 
36 2 6.25 0.09308 
36 3 5.75 0.12310 
36 4 11.25 0.13041 
36 5 9.75 0.14588 
36 6 6.25 0.14782 
36 7 10.25 0.15935 
36 8 13.75 0.16667 
36 9 11.75 0.13141 
36 10 11.25 0.14678 
36 11 15.25 0.13526 
36 12 17.75 0.16161 
36 13 16.25 0.12704 
36 14 18.25 0.13983 
36 20 17.25 0.15911 
36 21 17.75 0.17842 
36 22 12.75 0.19184 
36 23 15.75 0.16371 
36 24 16.75 0.16345 
36 25 12.25 0.11333 
36 26 10.25 0.15458 
36 27 14.75 0.17580 
36 28 14.25 0.13451 
36 29 9.25 0.15578 
36 30 9.25 0.38059 
36 31 9.75 0.71030 
36 32 6.25 0.59559 
36 33 5.75 0.62823 
36 34 7.25 0.92253 
36 35 5.25 0.95668 
36 37 5.25 0.96119 
36 38 7.25 0.91099 
36 39 5.75 0.66825 
36 40 6.25 0.63580 
36 41 9.75 0.79377 
36 42 10.75 0.67833 
36 43 10.75 0.51835 
36 44 12.75 0.50512 
36 45 15.25 0.58632 
36 46 15.75 0.49309 
36 47 16.75 0.31928 
36 49 16.75 0.23207 
36 50 14.75 0.16747 
36 52 16.25 0.14090 
36 61 13.75 0.11571 
36 62 18.25 0.15441 
36 63 14.25 0.14353 
37 1 13.75 0.12168 
37 2 10.25 0.13430 
37 3 9.25 0.12891 
37 4 12.75 0.15810 
37 5 10.25 0.18722 
37 6 5.75 0.19610 
37 7 9.75 0.14917 
37 8 12.75 0.13820 
37 9 8.75 0.14997 
37 10 6.75 0.12701 
37 11 13.25 0.13694 
37 12 13.75 0.14634 
37 13 11.75 0.13645 
37 14 13.25 0.14443 
37 15 17.75 0.13901 
37 19 16.25 0.13050 
37 20 11.75 0.15208 
37 21 12.75 0.14143 
37 22 8.25 0.15001 
37 23 10.75 0.14642 
37 24 11.75 0.11534 
37 25 5.25 0.10789 
37 26 5.75 0.12993 
37 27 10.75 0.13870 
37 28 10.75 0.12015 
37 29 7.25 0.11728 
37 30 10.25 0.32167 
37 31 10.75 0.58789 
37 32 9.75 0.76713 
37 33 6.25 0.66429 
37 34 5.75 0.64855 
37 35 7.25 0.92325 
37 36 5.25 0.96119 
37 38 5.25 0.95708 
37 39 7.25 0.93219 
37 40 5.75 0.66570 
37 41 6.25 0.65750 
37 42 9.75 0.81559 
37 43 10.75 0.70092 
37 44 10.75 0.51001 
37 45 12.75 0.52856 
37 46 15.25 0.54039 
37 47 15.75 0.48614 
37 48 18.75 0.27521 
37 49 14.25 0.24486 
37 50 11.75 0.18648 
37 51 16.75 0.18624 
37 52 11.75 0.15396 
37 53 16.75 0.13888 
37 54 15.25 0.10510 
37 59 16.25 0.08991 
37 60 13.75 0.11370 
37 61 9.75 0.13685 
37 62 13.75 0.13828 
37 63 10.25 0.15775 
37 64 15.75 0.14294 
37 65 16.25 0.11705 
38 1 16.75 0.11867 
38 2 13.75 0.12362 
38 3 10.75 0.16694 
38 4 15.25 0.16835 
38 5 14.75 0.18401 
38 6 9.75 0.17810 
38 7 12.25 0.15017 
38 8 16.25 0.16790 
38 9 13.75 0.14710 
38 10 10.25 0.13966 
38 11 15.25 0.14262 
38 12 17.75 0.15046 
38 13 15.25 0.14146 
38 14 15.25 0.13755 
38 19 16.75 0.13147 
38 20 13.25 0.18849 
38 21 12.75 0.13751 
38 22 6.75 0.15477 
38 23 11.25 0.14974 
38 24 13.25 0.19281 
38 25 8.75 0.16266 
38 26 8.75 0.14056 
38 27 13.25 0.14362 
38 28 14.25 0.14798 
38 29 10.75 0.09691 
38 30 12.75 0.40953 
38 31 10.25 0.38563 
38 32 10.75 0.59617 
38 33 9.75 0.76004 
38 34 6.25 0.67444 
38 35 5.75 0.64984 
38 36 7.25 0.91099 
38 37 5.25 0.95708 
38 39 5.25 0.94322 
38 40 7.25 0.94409 
38 41 5.75 0.66496 
38 42 6.25 0.70900 
38 43 9.75 0.84139 
38 44 10.75 0.71831 
38 45 10.75 0.49616 
38 46 12.75 0.48100 
38 47 15.25 0.57134 
38 48 17.75 0.32605 
38 49 14.75 0.27652 
38 50 11.75 0.14061 
38 51 15.25 0.17128 
38 52 10.25 0.17036 
38 53 14.75 0.15267 
38 54 12.75 0.12757 
38 55 16.25 0.11613 
38 58 14.25 0.07141 
38 59 13.75 0.09685 
38 60 12.75 0.10823 
38 61 7.25 0.13876 
38 62 12.25 0.14257 
38 63 9.75 0.16375 
38 64 15.25 0.14326 
38 65 16.25 0.13653 
39 1 12.75 0.10318 
39 2 9.75 0.11501 
39 3 7.75 0.12600 
39 4 12.25 0.12271 
39 5 13.25 0.18169 
39 6 8.75 0.17484 
39 7 10.25 0.14309 
39 8 14.75 0.15661 
39 9 14.25 0.15238 
39 10 11.75 0.15190 
39 11 15.25 0.15955 
39 13 17.25 0.15498 
39 14 16.75 0.14321 
39 20 17.25 0.17917 
39 21 17.25 0.16961 
39 22 12.25 0.18243 
39 23 16.25 0.16972 
39 24 17.25 0.17779 
39 25 12.75 0.17532 
39 26 12.25 0.17252 
39 27 17.25 0.16105 
39 28 17.75 0.13766 
39 29 13.25 0.11253 
39 30 14.25 0.34767 
39 31 12.75 0.39760 
39 32 10.75 0.48853 
39 33 10.75 0.65545 
39 34 9.75 0.79125 
39 35 6.25 0.65883 
39 36 5.75 0.66825 
39 37 7.25 0.93219 
39 38 5.25 0.94322 
39 40 5.25 0.95638 
39 41 7.25 0.94618 
39 42 5.75 0.69160 
39 43 6.25 0.68157 
39 44 9.75 0.84099 
39 45 10.75 0.72788 
39 46 10.75 0.47351 
39 47 12.75 0.45077 
39 48 16.75 0.41011 
39 49 13.75 0.27841 
39 50 12.75 0.17855 
39 51 16.75 0.20785 
39 52 12.25 0.16406 
39 53 18.25 0.15468 
39 54 16.75 0.12008 
39 60 17.75 0.12659 
39 61 12.25 0.14092 
39 62 16.75 0.18303 
39 63 12.75 0.16834 
39 64 17.75 0.15424 
39 65 17.75 0.14263 
40 1 10.75 0.12564 
40 2 8.75 0.13006 
40 3 5.25 0.20922 
40 4 8.75 0.16539 
40 5 9.25 0.18541 
40 6 4.25 0.19018 
40 7 5.25 0.18585 
40 8 9.75 0.18573 
40 9 9.25 0.16764 
40 10 6.25 0.13032 
40 11 10.25 0.16791 
40 12 13.25 0.17139 
40 13 12.25 0.14858 
40 14 12.75 0.15046 
40 15 16.75 0.14618 
40 19 17.75 0.13955 
40 20 13.75 0.16058 
40 21 15.75 0.17999 
40 22 11.25 0.17648 
40 23 15.25 0.17433 
40 24 15.25 0.12861 
40 25 9.75 0.15423 
40 26 11.25 0.15116 
40 27 15.25 0.11612 
40 28 16.25 0.09817 
40 29 12.75 0.08832 
40 30 14.75 0.26990 
40 31 15.25 0.41506 
40 32 12.75 0.45997 
40 33 10.75 0.43349 
40 34 10.75 0.67703 
40 35 9.75 0.78995 
40 36 6.25 0.63580 
40 37 5.75 0.66570 
40 38 7.25 0.94409 
40 39 5.25 0.95638 
40 41 5.25 0.96174 
40 42 7.25 0.94715 
40 43 5.75 0.69869 
40 44 6.25 0.65809 
40 45 9.75 0.82966 
40 46 10.75 0.71707 
40 47 10.75 0.52024 
40 48 14.25 0.32405 
40 49 10.25 0.27651 
40 50 9.75 0.21285 
40 51 14.75 0.24056 
40 52 11.25 0.14179 
40 53 16.75 0.16570 
40 54 16.75 0.12278 
40 60 17.25 0.12686 
40 61 12.75 0.15633 
40 62 15.25 0.17168 
40 63 10.25 0.16612 
40 64 15.25 0.15837 
40 65 14.25 0.12899 
40 66 16.75 0.11169 
41 1 15.25 0.12375 
41 2 13.75 0.14368 
41 3 9.75 0.19429 
41 4 13.25 0.15435 
41 5 13.75 0.20645 
41 6 8.75 0.21243 
41 7 8.75 0.17590 
41 8 12.75 0.20424 
41 9 10.25 0.19250 
41 10 6.25 0.17846 
41 11 10.25 0.16910 
41 12 13.25 0.17116 
41 13 11.25 0.14823 
41 14 10.25 0.15664 
41 15 15.25 0.14820 
41 16 17.75 0.13833 
41 17 16.25 0.12024 
41 18 16.25 0.14364 
41 19 13.25 0.17627 
41 20 10.25 0.16640 
41 21 11.25 0.19122 
41 22 6.75 0.18932 
41 23 11.75 0.15799 
41 24 12.25 0.16925 
41 25 7.75 0.14516 
41 26 10.25 0.16601 
41 27 14.75 0.13225 
41 28 15.25 0.12982 
41 29 12.75 0.08461 
41 30 16.25 0.29617 
41 31 15.75 0.39001 
41 32 15.25 0.54596 
41 33 12.75 0.43838 
41 34 10.75 0.45729 
41 35 10.75 0.68313 
41 36 9.75 0.79377 
41 37 6.25 0.65750 
41 38 5.75 0.66496 
41 39 7.25 0.94618 
41 40 5.25 0.96174 
41 42 5.25 0.96198 
41 43 7.25 0.95511 
41 44 5.75 0.69381 
41 45 6.25 0.68759 
41 46 9.75 0.82465 
41 47 10.75 0.60562 
41 48 12.75 0.44871 
41 49 9.25 0.31337 
41 50 6.25 0.22796 
41 51 10.75 0.23595 
41 52 6.25 0.19547 
41 53 11.25 0.18283 
41 54 11.75 0.13659 
41 55 15.25 0.13775 
41 56 17.75 0.11616 
41 58 16.25 0.09044 
41 59 14.75 0.11730 
41 60 12.75 0.13427 
41 61 7.75 0.12771 
41 62 10.25 0.19283 
41 63 5.75 0.19628 
41 64 10.75 0.19496 
41 65 10.75 0.14773 
41 66 13.25 0.11910 
41 67 16.75 0.11636 
41 68 16.25 0.08554 
41 69 13.75 0.06313 
42 1 16.75 0.10756 
42 2 14.75 0.11694 
42 3 10.25 0.14896 
42 4 14.75 0.14062 
42 5 16.25 0.18481 
42 6 11.75 0.18033 
42 7 10.75 0.15444 
42 8 16.25 0.16736 
42 9 15.25 0.16938 
42 10 10.75 0.16479 
42 11 14.25 0.17865 
42 12 18.25 0.17774 
42 13 16.75 0.15961 
42 14 15.25 0.16011 
42 19 17.25 0.13730 
42 20 14.75 0.14981 
42 21 15.75 0.16476 
42 22 10.75 0.17012 
42 23 15.75 0.15619 
42 24 16.75 0.15787 
42 25 13.25 0.13955 
42 26 13.75 0.15496 
42 30 18.75 0.34949 
42 31 16.25 0.33460 
42 32 15.75 0.44446 
42 33 15.25 0.49128 
42 34 12.75 0.46854 
42 35 10.75 0.50153 
42 36 10.75 0.67833 
42 37 9.75 0.81559 
42 38 6.25 0.70900 
42 39 5.75 0.69160 
42 40 7.25 0.94715 
42 41 5.25 0.96198 
42 43 5.25 0.95636 
42 44 7.25 0.94858 
42 45 5.75 0.67428 
42 46 6.25 0.69785 
42 47 9.75 0.74703 
42 48 12.25 0.54440 
42 49 10.75 0.37571 
42 50 9.75 0.19808 
42 51 11.75 0.19982 
42 52 8.25 0.14884 
42 53 13.25 0.14882 
42 54 12.25 0.12504 
42 55 16.75 0.11687 
42 59 16.25 0.09608 
42 60 15.25 0.13534 
42 61 10.25 0.13616 
42 62 13.25 0.16098 
42 63 9.75 0.16798 
42 64 13.75 0.14636 
42 65 14.75 0.14677 
42 66 14.75 0.10902 
43 1 12.75 0.09388 
43 2 10.25 0.08671 
43 3 6.25 0.13380 
43 4 9.75 0.14542 
43 5 12.75 0.17298 
43 6 9.25 0.17335 
43 7 7.75 0.13626 
43 8 13.25 0.14062 
43 9 13.25 0.16904 
43 10 9.75 0.17039 
43 11 12.25 0.13472 
43 12 16.75 0.15433 
43 13 16.25 0.15535 
43 14 14.25 0.13852 
43 20 16.75 0.16795 
43 21 18.75 0.17378 
43 22 14.25 0.17149 
43 25 14.25 0.14174 
43 26 15.25 0.13840 
43 30 19.75 0.32336 
43 31 18.75 0.39799 
43 32 16.75 0.32608 
43 33 15.75 0.48060 
43 34 15.25 0.54085 
43 35 12.75 0.51539 
43 36 10.75 0.51835 
43 37 10.75 0.70092 
43 38 9.75 0.84139 
43 39 6.25 0.68157 
43 40 5.75 0.69869 
43 41 7.25 0.95511 
43 42 5.25 0.95636 
43 44 5.25 0.95978 
43 45 7.25 0.95875 
43 46 5.75 0.66330 
43 47 6.25 0.62475 
43 48 10.75 0.57657 
43 49 8.75 0.39350 
43 50 9.25 0.28198 
43 51 13.25 0.27438 
43 52 10.75 0.21106 
43 53 16.25 0.20573 
43 54 16.75 0.13587 
43 61 14.25 0.13688 
43 62 16.75 0.20815 
43 63 11.75 0.17666 
43 64 15.75 0.17808 
43 65 14.25 0.13190 
43 66 14.25 0.12435 
43 69 13.25 0.06646 
44 1 14.75 0.11645 
44 2 13.75 0.12429 
44 3 9.25 0.14990 
44 4 10.25 0.14486 
44 5 12.25 0.19525 
44 6 9.25 0.17745 
44 7 5.75 0.19712 
44 8 9.75 0.17478 
44 9 10.25 0.17938 
44 10 6.25 0.19125 
44 11 6.75 0.14250 
44 12 12.25 0.17628 
44 13 11.75 0.18075 
44 14 9.25 0.13038 
44 15 13.25 0.14295 
44 16 16.25 0.13073 
44 17 15.75 0.11575 
44 18 15.75 0.13175 
44 19 14.25 0.14914 
44 20 12.25 0.16385 
44 21 15.75 0.16595 
44 22 12.25 0.17528 
44 23 17.25 0.15197 
44 24 16.75 0.14483 
44 25 12.25 0.14391 
44 26 14.75 0.14899 
44 32 18.75 0.41253 
44 33 16.25 0.38677 
44 34 15.75 0.50527 
44 35 15.25 0.57608 
44 36 12.75 0.50512 
44 37 10.75 0.51001 
44 38 10.75 0.71831 
44 39 9.75 0.84099 
44 40 6.25 0.65809 
44 41 5.75 0.69381 
44 42 7.25 0.94858 
44 43 5.25 0.95978 
44 45 5.25 0.93911 
44 46 7.25 0.92993 
44 47 5.75 0.61147 
44 48 8.25 0.64276 
44 49 4.25 0.56187 
44 50 4.25 0.35411 
44 51 9.25 0.29163 
44 52 8.75 0.20792 
44 53 13.25 0.17738 
44 54 14.75 0.13867 
44 55 18.25 0.13667 
44 60 17.25 0.13158 
44 61 12.25 0.14085 
44 62 13.25 0.15824 
44 63 8.75 0.15417 
44 64 11.25 0.16340 
44 65 9.75 0.12850 
44 66 10.25 0.12835 
44 67 14.25 0.10793 
44 68 13.25 0.08095 
44 69 9.75 0.06794 
44 70 13.75 0.06393 
45 2 17.75 0.12485 
45 3 12.75 0.13905 
45 4 15.25 0.13216 
45 5 17.25 0.16950 
45 6 13.75 0.17899 
45 7 10.75 0.15902 
45 8 15.75 0.15779 
45 9 15.25 0.15778 
45 10 10.25 0.17759 
45 11 13.25 0.16247 
45 12 16.75 0.15863 
45 13 15.25 0.15703 
45 14 12.75 0.16464 
45 15 16.75 0.14445 
45 17 18.25 0.13737 
45 18 16.75 0.12895 
45 19 14.25 0.14000 
45 20 13.25 0.15529 
45 21 15.25 0.14913 
45 22 11.75 0.15883 
45 23 17.25 0.13923 
45 24 17.25 0.13126 
45 25 13.25 0.14804 
45 26 16.25 0.14486 
45 33 18.75 0.45968 
45 34 16.25 0.36947 
45 35 15.75 0.50548 
45 36 15.25 0.58632 
45 37 12.75 0.52856 
45 38 10.75 0.49616 
45 39 10.75 0.72788 
45 40 9.75 0.82966 
45 41 6.25 0.68759 
45 42 5.75 0.67428 
45 43 7.25 0.95875 
45 44 5.25 0.93911 
45 46 5.25 0.96859 
45 47 7.25 0.86011 
45 48 7.75 0.70162 
45 49 7.25 0.29466 
45 50 5.25 0.27299 
45 51 6.75 0.21449 
45 52 5.25 0.20027 
45 53 9.75 0.20559 
45 54 11.25 0.14128 
45 55 15.25 0.14683 
45 59 16.75 0.09993 
45 60 15.25 0.15207 
45 61 10.25 0.15130 
45 62 11.25 0.14920 
45 63 6.75 0.13292 
45 64 10.25 0.16895 
45 65 10.25 0.14728 
45 66 9.75 0.13166 
45 67 14.25 0.09837 
45 68 13.75 0.08021 
45 69 10.25 0.07396 
45 70 14.75 0.05906 
46 2 17.25 0.09308 
46 3 12.25 0.10431 
46 4 14.25 0.11067 
46 5 17.75 0.15389 
46 6 14.25 0.17102 
46 7 11.25 0.12918 
46 8 16.75 0.13934 
46 9 17.75 0.19744 
46 10 13.25 0.17661 
46 11 14.75 0.13457 
46 14 16.75 0.15999 
46 20 18.25 0.13957 
46 22 16.25 0.15604 
46 25 17.25 0.13784 
46 34 18.75 0.46303 
46 35 16.25 0.35557 
46 36 15.75 0.49309 
46 37 15.25 0.54039 
46 38 12.75 0.48100 
46 39 10.75 0.47351 
46 40 10.75 0.71707 
46 41 9.75 0.82465 
46 42 6.25 0.69785 
46 43 5.75 0.66330 
46 44 7.25 0.92993 
46 45 5.25 0.96859 
46 47 5.25 0.95245 
46 48 7.75 0.85372 
46 49 8.75 0.66202 
46 50 8.75 0.31879 
46 51 11.25 0.25297 
46 52 9.75 0.17028 
46 53 15.25 0.17309 
46 54 15.75 0.11930 
46 61 14.75 0.13267 
46 62 16.75 0.17078 
46 63 11.75 0.14569 
46 64 15.25 0.16803 
46 65 14.25 0.13233 
46 66 12.25 0.12260 
46 67 16.75 0.10119 
46 68 15.25 0.06838 
46 69 12.25 0.06688 
47 2 14.75 0.09490 
47 3 11.25 0.10541 
47 4 10.25 0.08089 
47 5 15.25 0.11988 
47 6 13.25 0.14937 
47 7 8.25 0.14016 
47 8 13.25 0.12062 
47 9 15.75 0.16002 
47 10 12.25 0.16192 
47 11 11.25 0.13085 
47 12 16.75 0.13373 
47 13 17.25 0.14240 
47 14 14.25 0.15790 
47 15 16.75 0.10934 
47 20 17.25 0.13628 
47 22 17.25 0.14963 
47 25 17.75 0.12837 
47 35 18.75 0.39681 
47 36 16.75 0.31928 
47 37 15.75 0.48614 
47 38 15.25 0.57134 
47 39 12.75 0.45077 
47 40 10.75 0.52024 
47 41 10.75 0.60562 
47 42 9.75 0.74703 
47 43 6.25 0.62475 
47 44 5.75 0.61147 
47 45 7.25 0.86011 
47 46 5.25 0.95245 
47 48 5.25 0.85804 
47 49 4.75 0.46930 
47 50 8.25 0.28599 
47 51 11.25 0.22581 
47 52 11.75 0.20591 
47 53 16.25 0.19701 
47 61 17.25 0.13217 
47 62 18.25 0.18076 
47 63 12.25 0.13632 
47 64 14.25 0.16744 
47 65 11.25 0.15047 
47 66 9.75 0.12527 
47 67 14.25 0.10646 
47 68 12.25 0.06784 
47 69 9.75 0.09003 
47 70 12.75 0.06791 
48 3 15.75 0.10392 
48 4 16.25 0.09726 
48 6 17.25 0.14661 
48 7 12.25 0.15005 
48 8 16.25 0.14659 
48 9 18.25 0.19217 
48 10 14.25 0.16719 
48 11 12.75 0.14655 
48 12 18.25 0.15836 
48 13 18.25 0.17634 
48 14 13.25 0.15459 
48 15 16.25 0.12020 
48 19 17.75 0.12890 
48 20 17.25 0.12870 
48 22 18.25 0.15525 
48 37 18.75 0.27521 
48 38 17.75 0.32605 
48 39 16.75 0.41011 
48 40 14.25 0.32405 
48 41 12.75 0.44871 
48 42 12.25 0.54440 
48 43 10.75 0.57657 
48 44 8.25 0.64276 
48 45 7.75 0.70162 
48 46 7.75 0.85372 
48 47 5.25 0.85804 
48 49 5.75 0.80394 
48 50 7.75 0.41352 
48 51 7.75 0.18823 
48 52 11.25 0.17759 
48 53 14.25 0.13716 
48 54 18.25 0.12891 
48 61 17.75 0.14150 
48 62 17.25 0.17773 
48 63 12.75 0.16943 
48 64 12.25 0.19541 
48 65 10.25 0.18220 
48 66 6.25 0.10307 
48 67 10.75 0.09264 
48 68 9.25 0.07606 
48 69 9.25 0.08254 
48 70 10.75 0.07881 
49 2 17.75 0.07765 
49 3 12.75 0.09629 
49 4 12.75 0.09696 
49 5 14.25 0.09354 
49 6 12.75 0.12871 
49 7 7.75 0.13204 
49 8 10.75 0.13802 
49 9 13.25 0.17175 
49 10 9.25 0.20103 
49 11 6.25 0.12198 
49 12 13.25 0.12667 
49 13 13.25 0.15501 
49 14 9.25 0.16133 
49 15 11.75 0.12228 
49 16 15.75 0.11464 
49 17 15.75 0.11284 
49 18 15.25 0.10225 
49 19 14.25 0.14838 
49 20 13.75 0.18406 
49 21 18.25 0.20425 
49 22 15.25 0.16381 
49 25 15.25 0.11201 
49 35 19.25 0.25841 
49 36 16.75 0.23207 
49 37 14.25 0.24486 
49 38 14.75 0.27652 
49 39 13.75 0.27841 
49 40 10.25 0.27651 
49 41 9.25 0.31337 
49 42 10.75 0.37571 
49 43 8.75 0.39350 
49 44 4.25 0.56187 
49 45 7.25 0.29466 
49 46 8.75 0.66202 
49 47 4.75 0.46930 
49 48 5.75 0.80394 
49 50 4.75 0.62109 
49 51 8.75 0.34445 
49 52 11.25 0.21544 
49 53 14.25 0.22840 
49 54 17.75 0.19626 
49 61 15.75 0.17362 
49 62 14.75 0.33794 
49 63 10.25 0.22493 
49 64 9.75 0.31022 
49 65 6.75 0.22249 
49 66 5.75 0.19599 
49 67 9.75 0.10940 
49 68 8.25 0.08646 
49 69 5.25 0.15260 
49 70 9.25 0.08537 
50 2 17.75 0.12116 
50 3 13.75 0.10988 
50 4 14.75 0.14175 
50 5 15.75 0.13447 
50 6 12.25 0.13391 
50 7 9.25 0.13914 
50 8 12.25 0.15251 
50 9 12.75 0.17039 
50 10 7.25 0.18008 
50 11 7.25 0.13512 
50 12 12.75 0.16765 
50 13 10.25 0.16964 
50 14 6.75 0.19424 
50 15 10.75 0.15431 
50 16 13.75 0.16085 
50 17 13.25 0.12868 
50 18 11.25 0.11791 
50 19 10.75 0.17372 
50 20 9.75 0.15545 
50 21 13.25 0.17912 
50 22 11.25 0.16600 
50 23 16.25 0.16471 
50 24 14.75 0.12625 
50 25 11.75 0.14787 
50 26 15.25 0.14039 
50 33 17.25 0.13106 
50 34 16.25 0.14334 
50 35 16.25 0.11848 
50 36 14.75 0.16747 
50 37 11.75 0.18648 
50 38 11.75 0.14061 
50 39 12.75 0.17855 
50 40 9.75 0.21285 
50 41 6.25 0.22796 
50 42 9.75 0.19808 
50 43 9.25 0.28198 
50 44 4.25 0.35411 
50 45 5.25 0.27299 
50 46 8.75 0.31879 
50 47 8.25 0.28599 
50 48 7.75 0.41352 
50 49 4.75 0.62109 
50 51 5.75 0.60498 
50 52 6.75 0.29184 
50 53 10.25 0.32462 
50 54 13.75 0.22095 
50 55 16.25 0.18405 
50 59 18.25 0.14708 
50 60 15.75 0.18762 
50 61 11.25 0.19830 
50 62 10.25 0.27998 
50 63 5.25 0.24027 
50 64 6.75 0.32177 
50 65 5.75 0.29643 
50 66 6.75 0.18729 
50 67 11.25 0.16780 
50 68 10.25 0.13506 
50 69 8.75 0.09577 
50 70 11.25 0.09169 
51 6 17.25 0.15700 
51 7 14.25 0.15462 
51 8 17.75 0.16832 
51 9 16.75 0.16146 
51 10 11.75 0.17243 
51 11 12.75 0.17742 
51 12 16.75 0.20451 
51 13 14.25 0.18488 
51 14 10.25 0.18559 
51 15 14.25 0.14797 
51 16 16.25 0.14874 
51 17 14.25 0.11653 
51 18 11.25 0.16919 
51 19 9.25 0.23736 
51 20 11.25 0.30411 
51 21 13.75 0.28314 
51 22 12.75 0.19791 
51 23 17.25 0.19042 
51 24 17.25 0.15880 
51 25 15.25 0.13798 
51 26 18.25 0.15673 
51 37 16.75 0.18624 
51 38 15.25 0.17128 
51 39 16.75 0.20785 
51 40 14.75 0.24056 
51 41 10.75 0.23595 
51 42 11.75 0.19982 
51 43 13.25 0.27438 
51 44 9.25 0.29163 
51 45 6.75 0.21449 
51 46 11.25 0.25297 
51 47 11.25 0.22581 
51 48 7.75 0.18823 
51 49 8.75 0.34445 
51 50 5.75 0.60498 
51 52 5.75 0.84600 
51 53 6.75 0.33490 
51 54 11.25 0.32214 
51 55 13.75 0.21892 
51 56 17.25 0.18035 
51 59 17.25 0.14997 
51 60 14.75 0.32835 
51 61 10.75 0.30823 
51 62 8.75 0.30850 
51 63 7.25 0.46390 
51 64 4.75 0.27701 
51 65 7.75 0.31711 
51 66 5.25 0.18112 
51 67 10.25 0.14231 
51 68 10.75 0.09844 
51 69 9.75 0.08865 
51 70 12.25 0.06820 
52 3 16.25 0.11807 
52 6 14.25 0.13375 
52 7 13.25 0.14649 
52 8 17.25 0.14328 
52 9 15.75 0.11748 
52 10 10.25 0.15882 
52 11 13.75 0.16498 
52 12 16.75 0.15397 
52 13 13.75 0.14846 
52 14 10.75 0.15555 
52 15 15.75 0.13756 
52 16 17.75 0.16542 
52 17 14.25 0.15507 
52 18 13.75 0.22638 
52 19 10.75 0.23643 
52 20 10.25 0.31129 
52 21 11.25 0.30364 
52 22 7.75 0.16132 
52 23 13.25 0.16430 
52 24 13.25 0.17147 
52 25 10.75 0.14190 
52 26 13.75 0.12551 
52 27 17.75 0.13115 
52 33 17.75 0.14165 
52 34 15.25 0.13656 
52 35 15.75 0.16033 
52 36 16.25 0.14090 
52 37 11.75 0.15396 
52 38 10.25 0.17036 
52 39 12.25 0.16406 
52 40 11.25 0.14179 
52 41 6.25 0.19547 
52 42 8.25 0.14884 
52 43 10.75 0.21106 
52 44 8.75 0.20792 
52 45 5.25 0.20027 
52 46 9.75 0.17028 
52 47 11.75 0.20591 
52 48 11.25 0.17759 
52 49 11.25 0.21544 
52 50 6.75 0.29184 
52 51 5.75 0.84600 
52 53 5.75 0.90902 
52 54 7.25 0.27143 
52 55 10.75 0.30406 
52 56 13.75 0.17757 
52 57 15.25 0.13110 
52 58 15.25 0.10653 
52 59 12.25 0.15095 
52 60 11.25 0.27026 
52 61 5.75 0.23648 
52 62 7.25 0.49394 
52 63 5.25 0.35832 
52 64 7.75 0.38428 
52 65 10.75 0.30820 
52 66 10.75 0.18490 
52 67 15.75 0.17280 
52 68 15.75 0.10387 
52 69 13.25 0.08092 
53 7 18.25 0.14432 
53 10 14.25 0.15143 
53 11 17.25 0.15409 
53 13 15.25 0.13249 
53 14 13.25 0.16594 
53 15 17.75 0.14631 
53 16 18.25 0.13798 
53 17 14.25 0.13930 
53 18 12.25 0.14228 
53 19 8.25 0.15076 
53 20 10.75 0.27906 
53 21 10.25 0.29361 
53 22 10.25 0.23451 
53 23 13.75 0.18812 
53 24 13.75 0.16373 
53 25 13.75 0.13321 
53 26 16.75 0.15031 
53 34 18.25 0.12326 
53 37 16.75 0.13888 
53 38 14.75 0.15267 
53 39 18.25 0.15468 
53 40 16.75 0.16570 
53 41 11.25 0.18283 
53 42 13.25 0.14882 
53 43 16.25 0.20573 
53 44 13.25 0.17738 
53 45 9.75 0.20559 
53 46 15.25 0.17309 
53 47 16.25 0.19701 
53 48 14.25 0.13716 
53 49 14.25 0.22840 
53 50 10.25 0.32462 
53 51 6.75 0.33490 
53 52 5.75 0.90902 
53 54 5.75 0.82941 
53 55 6.75 0.26371 
53 56 10.75 0.30212 
53 57 12.75 0.14592 
53 58 14.25 0.11175 
53 59 10.25 0.14972 
53 60 9.25 0.23828 
53 61 7.25 0.32634 
53 62 4.25 0.33623 
53 63 7.75 0.40561 
53 64 7.25 0.17754 
53 65 12.25 0.22749 
53 66 12.25 0.12794 
53 67 16.25 0.11524 
54 10 15.25 0.11979 
54 14 16.25 0.12594 
54 17 18.75 0.13831 
54 18 17.75 0.19056 
54 19 12.75 0.13136 
54 20 13.25 0.24071 
54 21 11.25 0.22951 
54 22 9.75 0.18186 
54 23 11.75 0.13306 
54 24 14.25 0.13491 
54 25 13.75 0.11209 
54 26 14.75 0.10322 
54 34 15.25 0.09826 
54 37 15.25 0.10510 
54 38 12.75 0.12757 
54 39 16.75 0.12008 
54 40 16.75 0.12278 
54 41 11.75 0.13659 
54 42 12.25 0.12504 
54 43 16.75 0.13587 
54 44 14.75 0.13867 
54 45 11.25 0.14128 
54 46 15.75 0.11930 
54 48 18.25 0.12891 
54 49 17.75 0.19626 
54 50 13.75 0.22095 
54 51 11.25 0.32214 
54 52 7.25 0.27143 
54 53 5.75 0.82941 
54 55 5.75 0.81432 
54 56 7.25 0.21432 
54 57 8.25 0.10766 
54 58 8.75 0.10624 
54 59 5.25 0.12416 
54 60 7.25 0.30432 
54 61 5.25 0.27451 
54 62 7.75 0.36427 
54 63 10.25 0.27769 
54 64 12.25 0.24402 
54 65 16.25 0.24158 
54 66 17.25 0.12786 
55 10 17.75 0.12388 
55 14 17.75 0.11818 
55 17 16.75 0.10039 
55 18 16.25 0.11014 
55 19 11.25 0.11769 
55 20 12.75 0.15691 
55 21 8.75 0.12260 
55 22 10.75 0.16066 
55 23 10.75 0.08996 
55 24 13.75 0.10982 
55 25 14.75 0.13021 
55 26 16.25 0.10079 
55 38 16.25 0.11613 
55 41 15.25 0.13775 
55 42 16.75 0.11687 
55 44 18.25 0.13667 
55 45 15.25 0.14683 
55 50 16.25 0.18405 
55 51 13.75 0.21892 
55 52 10.75 0.30406 
55 53 6.75 0.26371 
55 54 5.75 0.81432 
55 56 4.75 0.52501 
55 57 8.75 0.25558 
55 58 8.75 0.12331 
55 59 5.25 0.10014 
55 60 4.75 0.15268 
55 61 7.75 0.20286 
55 62 7.25 0.12142 
55 63 12.25 0.18730 
55 64 12.75 0.12181 
55 65 18.25 0.14703 
56 19 15.25 0.09695 
56 20 16.75 0.11573 
56 21 12.25 0.09288 
56 22 13.25 0.12217 
56 23 12.75 0.09341 
56 24 14.75 0.08366 
56 25 17.75 0.08691 
56 41 17.75 0.11616 
56 51 17.25 0.18035 
56 52 13.75 0.17757 
56 53 10.75 0.30212 
56 54 7.25 0.21432 
56 55 4.75 0.52501 
56 57 5.25 0.55615 
56 58 5.75 0.18762 
56 59 4.75 0.11678 
56 60 8.75 0.15100 
56 61 10.25 0.16131 
56 62 11.25 0.12730 
56 63 15.75 0.18857 
56 64 17.25 0.13367 
57 21 14.25 0.09818 
57 22 14.75 0.11558 
57 23 13.75 0.08468 
57 24 16.25 0.08321 
57 52 15.25 0.13110 
57 53 12.75 0.14592 
57 54 8.25 0.10766 
57 55 8.75 0.25558 
57 56 5.25 0.55615 
57 58 5.25 0.46758 
57 59 7.75 0.31756 
57 60 10.75 0.15959 
57 61 12.25 0.13176 
57 62 14.25 0.12334 
57 63 17.75 0.13260 
58 19 16.25 0.08803 
58 20 15.75 0.10850 
58 21 10.75 0.08126 
58 22 12.25 0.09564 
58 23 9.25 0.08672 
58 24 14.25 0.08706 
58 25 15.25 0.08974 
58 26 15.25 0.07553 
58 34 15.25 0.06340 
58 38 14.25 0.07141 
58 41 16.25 0.09044 
58 52 15.25 0.10653 
58 53 14.25 0.11175 
58 54 8.75 0.10624 
58 55 8.75 0.12331 
58 56 5.75 0.18762 
58 57 5.25 0.46758 
58 59 5.25 0.48421 
58 60 8.75 0.16520 
58 61 9.75 0.15328 
58 62 12.75 0.11489 
58 63 15.25 0.12796 
59 19 15.25 0.12865 
59 20 15.25 0.23248 
59 21 10.25 0.11936 
59 22 9.75 0.15107 
59 23 8.75 0.08320 
59 24 12.75 0.09266 
59 25 14.25 0.12463 
59 26 13.75 0.08519 
59 27 14.25 0.07147 
59 34 14.75 0.08251 
59 37 16.25 0.08991 
59 38 13.75 0.09685 
59 41 14.75 0.11730 
59 42 16.25 0.09608 
59 45 16.75 0.09993 
59 50 18.25 0.14708 
59 51 17.25 0.14997 
59 52 12.25 0.15095 
59 53 10.25 0.14972 
59 54 5.25 0.12416 
59 55 5.25 0.10014 
59 56 4.75 0.11678 
59 57 7.75 0.31756 
59 58 5.25 0.48421 
59 60 5.25 0.45852 
59 61 7.75 0.20166 
59 62 10.75 0.22741 
59 63 13.75 0.21537 
59 64 16.75 0.19198 
60 10 14.75 0.13625 
60 13 15.25 0.11182 
60 14 15.75 0.12242 
60 17 15.75 0.11609 
60 18 15.75 0.14668 
60 19 11.25 0.15150 
60 20 10.75 0.22454 
60 21 5.75 0.22039 
60 22 6.75 0.14237 
60 23 4.75 0.14011 
60 24 8.75 0.15179 
60 25 10.75 0.14851 
60 26 11.25 0.13160 
60 27 12.25 0.09173 
60 28 15.25 0.09980 
60 29 15.75 0.08345 
60 33 17.75 0.11451 
60 34 13.25 0.11491 
60 35 16.25 0.10621 
60 37 13.75 0.11370 
60 38 12.75 0.10823 
60 39 17.75 0.12659 
60 40 17.25 0.12686 
60 41 12.75 0.13427 
60 42 15.25 0.13534 
60 44 17.25 0.13158 
60 45 15.25 0.15207 
60 50 15.75 0.18762 
60 51 14.75 0.32835 
60 52 11.25 0.27026 
60 53 9.25 0.23828 
60 54 7.25 0.30432 
60 55 4.75 0.15268 
60 56 8.75 0.15100 
60 57 10.75 0.15959 
60 58 8.75 0.16520 
60 59 5.25 0.45852 
60 61 5.75 0.78258 
60 62 6.75 0.29769 
60 63 10.75 0.31650 
60 64 13.25 0.23084 
60 65 17.75 0.20069 
61 6 14.25 0.09381 
61 7 15.25 0.10618 
61 9 14.25 0.08657 
61 10 10.25 0.11636 
61 11 15.75 0.12574 
61 12 18.25 0.13113 
61 13 13.25 0.12403 
61 14 12.75 0.15173 
61 15 18.25 0.17126 
61 16 18.75 0.16370 
61 17 15.75 0.14411 
61 18 14.75 0.30823 
61 19 10.75 0.26838 
61 20 9.75 0.31897 
61 21 7.25 0.43836 
61 22 4.25 0.33639 
61 23 8.25 0.17647 
61 24 10.25 0.18557 
61 25 8.75 0.17970 
61 26 9.75 0.16791 
61 27 13.25 0.12748 
61 28 15.25 0.12215 
61 29 14.75 0.09149 
61 30 17.25 0.11520 
61 31 15.75 0.11212 
61 32 17.75 0.12259 
61 33 14.75 0.12054 
61 34 10.75 0.12775 
61 35 13.25 0.11779 
61 36 13.75 0.11571 
61 37 9.75 0.13685 
61 38 7.25 0.13876 
61 39 12.25 0.14092 
61 40 12.75 0.15633 
61 41 7.75 0.12771 
61 42 10.25 0.13616 
61 43 14.25 0.13688 
61 44 12.25 0.14085 
61 45 10.25 0.15130 
61 46 14.75 0.13267 
61 47 17.25 0.13217 
61 48 17.75 0.14150 
61 49 15.75 0.17362 
61 50 11.25 0.19830 
61 51 10.75 0.30823 
61 52 5.75 0.23648 
61 53 7.25 0.32634 
61 54 5.25 0.27451 
61 55 7.75 0.20286 
61 56 10.25 0.16131 
61 57 12.25 0.13176 
61 58 9.75 0.15328 
61 59 7.75 0.20166 
61 60 5.75 0.78258 
61 62 5.75 0.91923 
61 63 6.75 0.36149 
61 64 10.75 0.37857 
61 65 14.25 0.24272 
61 66 15.75 0.20034 
62 6 16.75 0.12041 
62 7 16.25 0.11318 
62 9 15.75 0.10869 
62 10 11.25 0.14419 
62 11 15.25 0.18659 
62 12 16.75 0.14876 
62 13 13.25 0.10700 
62 14 10.75 0.17013 
62 15 15.25 0.18198 
62 16 15.25 0.16720 
62 17 11.25 0.14627 
62 18 10.25 0.21280 
62 19 5.25 0.25547 
62 20 6.75 0.34257 
62 21 5.75 0.37290 
62 22 7.25 0.26003 
62 23 10.25 0.18513 
62 24 9.25 0.22118 
62 25 10.25 0.18621 
62 26 12.75 0.13213 
62 27 15.25 0.12652 
62 28 18.25 0.11082 
62 34 15.75 0.13713 
62 35 18.25 0.13843 
62 36 18.25 0.15441 
62 37 13.75 0.13828 
62 38 12.25 0.14257 
62 39 16.75 0.18303 
62 40 15.25 0.17168 
62 41 10.25 0.19283 
62 42 13.25 0.16098 
62 43 16.75 0.20815 
62 44 13.25 0.15824 
62 45 11.25 0.14920 
62 46 16.75 0.17078 
62 47 18.25 0.18076 
62 48 17.25 0.17773 
62 49 14.75 0.33794 
62 50 10.25 0.27998 
62 51 8.75 0.30850 
62 52 7.25 0.49394 
62 53 4.25 0.33623 
62 54 7.75 0.36427 
62 55 7.25 0.12142 
62 56 11.25 0.12730 
62 57 14.25 0.12334 
62 58 12.75 0.11489 
62 59 10.75 0.22741 
62 60 6.75 0.29769 
62 61 5.75 0.91923 
62 63 5.75 0.92551 
62 64 6.25 0.33440 
62 65 11.25 0.30893 
62 66 13.25 0.21167 
62 67 16.75 0.15248 
62 68 18.75 0.15516 
63 3 15.75 0.11364 
63 4 16.75 0.11388 
63 5 16.25 0.10889 
63 6 11.75 0.12732 
63 7 11.25 0.12629 
63 8 14.25 0.11866 
63 9 10.25 0.10103 
63 10 6.25 0.15055 
63 11 10.25 0.18770 
63 12 12.75 0.14216 
63 13 9.25 0.14354 
63 14 6.25 0.13380 
63 15 11.75 0.15206 
63 16 12.75 0.15544 
63 17 11.25 0.15123 
63 18 9.75 0.30849 
63 19 6.75 0.35213 
63 20 4.75 0.29198 
63 21 7.75 0.37254 
63 22 6.25 0.18605 
63 23 11.25 0.20712 
63 24 10.25 0.13814 
63 25 6.75 0.11296 
63 26 11.25 0.13177 
63 27 15.25 0.11385 
63 28 16.25 0.10315 
63 33 16.25 0.13553 
63 34 13.75 0.14056 
63 35 15.25 0.15497 
63 36 14.25 0.14353 
63 37 10.25 0.15775 
63 38 9.75 0.16375 
63 39 12.75 0.16834 
63 40 10.25 0.16612 
63 41 5.75 0.19628 
63 42 9.75 0.16798 
63 43 11.75 0.17666 
63 44 8.75 0.15417 
63 45 6.75 0.13292 
63 46 11.75 0.14569 
63 47 12.25 0.13632 
63 48 12.75 0.16943 
63 49 10.25 0.22493 
63 50 5.25 0.24027 
63 51 7.25 0.46390 
63 52 5.25 0.35832 
63 53 7.75 0.40561 
63 54 10.25 0.27769 
63 55 12.25 0.18730 
63 56 15.75 0.18857 
63 57 17.75 0.13260 
63 58 15.25 0.12796 
63 59 13.75 0.21537 
63 60 10.75 0.31650 
63 61 6.75 0.36149 
63 62 5.75 0.92551 
63 64 5.75 0.89942 
63 65 7.75 0.30387 
63 66 10.25 0.27668 
63 67 14.25 0.19219 
63 68 15.25 0.17030 
63 69 11.25 0.09217 
63 70 15.25 0.06938 
64 6 17.25 0.13391 
64 7 15.25 0.13609 
64 8 17.25 0.14560 
64 9 15.25 0.12800 
64 10 10.75 0.15653 
64 11 11.25 0.14268 
64 12 14.75 0.15114 
64 13 11.25 0.11789 
64 14 8.25 0.12827 
64 15 10.75 0.13319 
64 16 12.75 0.13025 
64 17 9.75 0.16802 
64 18 6.25 0.19643 
64 19 5.25 0.27626 
64 20 8.25 0.34564 
64 21 10.75 0.30041 
64 22 11.75 0.20362 
64 23 15.25 0.21195 
64 24 14.25 0.11744 
64 25 12.25 0.11215 
64 26 16.75 0.14010 
64 37 15.75 0.14294 
64 38 15.25 0.14326 
64 39 17.75 0.15424 
64 40 15.25 0.15837 
64 41 10.75 0.19496 
64 42 13.75 0.14636 
64 43 15.75 0.17808 
64 44 11.25 0.16340 
64 45 10.25 0.16895 
64 46 15.25 0.16803 
64 47 14.25 0.16744 
64 48 12.25 0.19541 
64 49 9.75 0.31022 
64 50 6.75 0.32177 
64 51 4.75 0.27701 
64 52 7.75 0.38428 
64 53 7.25 0.17754 
64 54 12.25 0.24402 
64 55 12.75 0.12181 
64 56 17.25 0.13367 
64 59 16.75 0.19198 
64 60 13.25 0.23084 
64 61 10.75 0.37857 
64 62 6.25 0.33440 
64 63 5.75 0.89942 
64 65 5.75 0.68105 
64 66 7.25 0.20807 
64 67 10.25 0.17154 
64 68 12.25 0.19946 
64 69 9.75 0.13370 
64 70 12.75 0.06435 
65 4 16.25 0.10508 
65 5 18.25 0.12414 
65 6 15.25 0.12853 
65 7 11.75 0.12653 
65 8 13.25 0.11874 
65 9 13.75 0.16810 
65 10 9.75 0.17555 
65 11 6.75 0.12193 
65 12 10.75 0.18726 
65 13 9.75 0.19362 
65 14 5.25 0.20141 
65 15 6.25 0.13784 
65 16 9.25 0.12927 
65 17 8.25 0.10291 
65 18 5.75 0.14628 
65 19 7.75 0.19055 
65 20 8.75 0.16123 
65 21 13.25 0.20364 
65 22 14.25 0.17016 
65 23 18.25 0.16323 
65 24 15.25 0.09647 
65 25 13.75 0.11559 
65 37 16.25 0.11705 
65 38 16.25 0.13653 
65 39 17.75 0.14263 
65 40 14.25 0.12899 
65 41 10.75 0.14773 
65 42 14.75 0.14677 
65 43 14.25 0.13190 
65 44 9.75 0.12850 
65 45 10.25 0.14728 
65 46 14.25 0.13233 
65 47 11.25 0.15047 
65 48 10.25 0.18220 
65 49 6.75 0.22249 
65 50 5.75 0.29643 
65 51 7.75 0.31711 
65 52 10.75 0.30820 
65 53 12.25 0.22749 
65 54 16.25 0.24158 
65 55 18.25 0.14703 
65 60 17.75 0.20069 
65 61 14.25 0.24272 
65 62 11.25 0.30893 
65 63 7.75 0.30387 
65 64 5.75 0.68105 
65 66 5.75 0.73092 
65 67 7.75 0.30625 
65 68 9.25 0.22690 
65 69 5.25 0.11158 
65 70 9.75 0.08026 
66 7 14.25 0.09565 
66 8 16.25 0.09878 
66 9 18.25 0.12721 
66 10 13.75 0.12365 
66 11 11.25 0.11929 
66 12 15.25 0.13902 
66 13 14.75 0.16848 
66 14 9.75 0.16332 
66 15 11.25 0.10807 
66 16 15.25 0.11405 
66 17 14.25 0.09601 
66 18 9.75 0.10999 
66 19 11.25 0.16392 
66 20 12.75 0.16769 
66 21 16.75 0.18789 
66 22 16.75 0.14458 
66 25 17.25 0.11567 
66 40 16.75 0.11169 
66 41 13.25 0.11910 
66 42 14.75 0.10902 
66 43 14.25 0.12435 
66 44 10.25 0.12835 
66 45 9.75 0.13166 
66 46 12.25 0.12260 
66 47 9.75 0.12527 
66 48 6.25 0.10307 
66 49 5.75 0.19599 
66 50 6.75 0.18729 
66 51 5.25 0.18112 
66 52 10.75 0.18490 
66 53 12.25 0.12794 
66 54 17.25 0.12786 
66 61 15.75 0.20034 
66 62 13.25 0.21167 
66 63 10.25 0.27668 
66 64 7.25 0.20807 
66 65 5.75 0.73092 
66 67 5.25 0.53173 
66 68 5.25 0.25323 
66 69 4.75 0.22276 
66 70 7.25 0.11237 
67 10 15.75 0.10168 
67 11 13.25 0.08324 
67 12 16.75 0.08352 
67 13 16.75 0.10463 
67 14 11.75 0.09484 
67 15 11.75 0.06641 
67 16 15.25 0.06519 
67 17 13.75 0.07744 
67 18 10.75 0.08512 
67 19 13.75 0.12292 
67 20 15.75 0.12075 
67 41 16.75 0.11636 
67 44 14.25 0.10793 
67 45 14.25 0.09837 
67 46 16.75 0.10119 
67 47 14.25 0.10646 
67 48 10.75 0.09264 
67 49 9.75 0.10940 
67 50 11.25 0.16780 
67 51 10.25 0.14231 
67 52 15.75 0.17280 
67 53 16.25 0.11524 
67 62 16.75 0.15248 
67 63 14.25 0.19219 
67 64 10.25 0.17154 
67 65 7.75 0.30625 
67 66 5.25 0.53173 
67 68 5.25 0.62526 
67 69 7.25 0.50252 
67 70 5.75 0.13704 
68 11 13.25 0.06777 
68 14 13.25 0.08644 
68 15 14.75 0.05759 
68 19 16.25 0.10279 
68 41 16.25 0.08554 
68 44 13.25 0.08095 
68 45 13.75 0.08021 
68 46 15.25 0.06838 
68 47 12.25 0.06784 
68 48 9.25 0.07606 
68 49 8.25 0.08646 
68 50 10.25 0.13506 
68 51 10.75 0.09844 
68 52 15.75 0.10387 
68 62 18.75 0.15516 
68 63 15.25 0.17030 
68 64 12.25 0.19946 
68 65 9.25 0.22690 
68 66 5.25 0.25323 
68 67 5.25 0.62526 
68 69 5.25 0.48848 
68 70 7.25 0.37625 
69 10 12.25 0.06549 
69 11 9.75 0.06860 
69 13 15.25 0.07947 
69 14 9.75 0.07997 
69 15 11.25 0.06301 
69 18 14.25 0.06401 
69 19 15.25 0.07720 
69 41 13.75 0.06313 
69 43 13.25 0.06646 
69 44 9.75 0.06794 
69 45 10.25 0.07396 
69 46 12.25 0.06688 
69 47 9.75 0.09003 
69 48 9.25 0.08254 
69 49 5.25 0.15260 
69 50 8.75 0.09577 
69 51 9.75 0.08865 
69 52 13.25 0.08092 
69 63 11.25 0.09217 
69 64 9.75 0.13370 
69 65 5.25 0.11158 
69 66 4.75 0.22276 
69 67 7.25 0.50252 
69 68 5.25 0.48848 
69 70 5.75 0.46295 
70 14 13.25 0.05741 
70 44 13.75 0.06393 
70 45 14.75 0.05906 
70 47 12.75 0.06791 
70 48 10.75 0.07881 
70 49 9.25 0.08537 
70 50 11.25 0.09169 
70 51 12.25 0.06820 
70 63 15.25 0.06938 
70 64 12.75 0.06435 
70 65 9.75 0.08026 
70 66 7.25 0.11237 
70 67 5.75 0.13704 
70 68 7.25 0.37625 
70 69 5.75 0.46295 
